timestamp,value,anomaly_score,label,S(t)_standard,S(t)_reward_low_FP_rate,S(t)_reward_low_FN_rate
2024-01-24 00:33:31.000000,176,0.016159418885312096,0,-0.11,-0.22,-0.11
2024-01-24 00:33:34.000000,192,0.9727678546925452,0,-0.11,-0.22,-0.11
2024-01-24 00:33:36.000000,143,0.9698866493493654,0,-0.11,-0.22,-0.11
2024-01-24 00:33:36.000000,197,0.9617372908382628,0,-0.11,-0.22,-0.11
2024-01-24 00:33:36.000000,203,0.9700482101687666,0,-0.11,-0.22,-0.11
2024-01-24 00:33:36.000000,204,0.97308726010139,0,-0.11,-0.22,-0.11
2024-01-24 00:33:36.000000,144,0.9723736169023101,0,-0.11,-0.22,-0.11
2024-01-24 00:33:36.000000,143,0.9549325143779408,0,-0.11,-0.22,-0.11
2024-01-24 00:33:36.000000,205,0.98211481287671,0,-0.11,-0.22,-0.11
2024-01-24 00:33:37.000000,198,0.965611450091886,0,-0.11,-0.22,-0.11
2024-01-24 00:33:37.000000,143,0.9460748412840772,0,-0.11,-0.22,-0.11
2024-01-24 00:33:37.000000,143,0.9366815561011804,0,-0.11,-0.22,-0.11
2024-01-24 00:33:37.000000,145,0.9706146218688372,0,-0.11,-0.22,-0.11
2024-01-24 00:33:37.000000,193,0.9710503567672454,0,-0.11,-0.22,-0.11
2024-01-24 00:33:37.000000,518,0.9745500317004554,0,-0.11,-0.22,-0.11
2024-01-24 00:33:38.000000,198,0.9568737479019328,0,-0.11,-0.22,-0.11
2024-01-24 00:33:39.000000,287,0.962001957824244,0,-0.11,-0.22,-0.11
2024-01-24 00:33:46.000000,200,0.9689767750728816,0,-0.11,-0.22,-0.11
2024-01-24 00:33:46.000000,204,0.9594087169672864,0,-0.11,-0.22,-0.11
2024-01-24 00:33:46.000000,203,0.9504445996381646,0,-0.11,-0.22,-0.11
2024-01-24 00:33:46.000000,143,0.9299335075524148,0,-0.11,-0.22,-0.11
2024-01-24 00:33:46.000000,143,0.9207016357068344,0,-0.11,-0.22,-0.11
2024-01-24 00:33:46.000000,205,0.9659565278912218,0,-0.11,-0.22,-0.11
2024-01-24 00:33:46.000000,145,0.9600270565785164,0,-0.11,-0.22,-0.11
2024-01-24 00:33:46.000000,143,0.911801931460566,0,-0.11,-0.22,-0.11
2024-01-24 00:33:46.000000,143,0.9027513753759044,0,-0.11,-0.22,-0.11
2024-01-24 00:33:46.000000,197,0.945976784897418,0,-0.11,-0.22,-0.11
2024-01-24 00:33:46.000000,144,0.9173844245484684,0,-0.11,-0.22,-0.11
2024-01-24 00:33:48.000000,200,0.9608475963049008,0,-0.11,-0.22,-0.11
2024-01-24 00:33:56.000000,144,0.90918142988668,0,-0.11,-0.22,-0.11
2024-01-24 00:33:56.000000,145,0.9385224350562368,0,-0.11,-0.22,-0.11
2024-01-24 00:33:56.000000,143,0.885334420722239,0,-0.11,-0.22,-0.11
2024-01-24 00:33:56.000000,143,0.8765485397449607,0,-0.11,-0.22,-0.11
2024-01-24 00:33:56.000000,205,0.9581898710935888,0,-0.11,-0.22,-0.11
2024-01-24 00:33:56.000000,201,0.9562681597494862,0,-0.11,-0.22,-0.11
2024-01-24 00:33:56.000000,204,0.937588520358418,0,-0.11,-0.22,-0.11
2024-01-24 00:33:56.000000,197,0.9397600270699514,0,-0.11,-0.22,-0.11
2024-01-24 00:33:56.000000,143,0.8718767046664677,0,-0.11,-0.22,-0.11
2024-01-24 00:33:56.000000,143,0.8632254008497471,0,-0.11,-0.22,-0.11
2024-01-24 00:33:56.000000,203,0.937877422409764,0,-0.11,-0.22,-0.11
2024-01-24 00:33:58.000000,201,0.9467693647032012,0,-0.11,-0.22,-0.11
2024-01-24 00:34:59.000000,342,0.9762651278000294,0,-0.11,-0.22,-0.11
2024-01-24 00:34:59.000000,342,0.9667241471350152,0,-0.11,-0.22,-0.11
2024-01-24 00:34:59.000000,144,0.8828663623501336,0,-0.11,-0.22,-0.11
2024-01-24 00:34:59.000000,143,0.8545390685753945,0,-0.11,-0.22,-0.11
2024-01-24 00:34:59.000000,199,0.9501411839800358,0,-0.11,-0.22,-0.11
2024-01-24 00:34:59.000000,199,0.9408638482609476,0,-0.11,-0.22,-0.11
2024-01-24 00:34:59.000000,143,0.8488643243510126,0,-0.11,-0.22,-0.11
2024-01-24 00:34:59.000000,341,0.963018368849968,0,-0.11,-0.22,-0.11
2024-01-24 00:37:33.000000,434,0.968845519558398,0,-0.11,-0.22,-0.11
2024-01-24 00:37:33.000000,431,0.9664080789566006,0,-0.11,-0.22,-0.11
2024-01-24 00:37:33.000000,445,0.9760701717443112,0,-0.11,-0.22,-0.11
2024-01-24 00:37:33.000000,444,0.970289808347588,0,-0.11,-0.22,-0.11
2024-01-24 00:37:33.000000,432,0.9623096100010288,0,-0.11,-0.22,-0.11
2024-01-24 00:37:33.000000,433,0.9579682636509648,0,-0.11,-0.22,-0.11
2024-01-24 00:37:33.000000,212,0.9720661010153993,0,-0.11,-0.22,-0.11
2024-01-24 00:37:33.000000,189,0.9723711095977964,0,-0.11,-0.22,-0.11
2024-01-24 00:37:33.000000,256,0.9735102210320324,0,-0.11,-0.22,-0.11
2024-01-24 00:37:33.000000,436,0.9738257065623976,0,-0.11,-0.22,-0.11
2024-01-24 00:37:33.000000,435,0.9611710154551592,0,-0.11,-0.22,-0.11
2024-01-24 00:37:33.000000,437,0.9664096269202233,0,-0.11,-0.22,-0.11
2024-01-24 00:37:33.000000,438,0.9609459665514359,0,-0.11,-0.22,-0.11
2024-01-24 00:37:33.000000,439,0.9666416118264596,0,-0.11,-0.22,-0.11
2024-01-24 00:37:33.000000,440,0.9654489392950572,0,-0.11,-0.22,-0.11
2024-01-24 00:37:33.000000,435,0.951171948751206,0,-0.11,-0.22,-0.11
2024-01-24 00:37:33.000000,435,0.9418290469637376,0,-0.11,-0.22,-0.11
2024-01-24 00:37:33.000000,195,0.9738785795597632,0,-0.11,-0.22,-0.11
2024-01-24 00:37:33.000000,245,0.9699459998061272,0,-0.11,-0.22,-0.11
2024-01-24 00:37:33.000000,443,0.9684942018181923,0,-0.11,-0.22,-0.11
2024-01-24 00:37:33.000000,442,0.9678356276223576,0,-0.11,-0.22,-0.11
2024-01-24 00:37:36.000000,257,0.9681818577408438,0,-0.11,-0.22,-0.11
2024-01-24 00:37:36.000000,272,0.9677289646750572,0,-0.11,-0.22,-0.11
2024-01-24 00:37:36.000000,196,0.953687476307938,0,-0.11,-0.22,-0.11
2024-01-24 00:37:36.000000,274,0.9677867562032578,0,-0.11,-0.22,-0.11
2024-01-24 00:37:36.000000,273,0.9571277293430316,0,-0.11,-0.22,-0.11
2024-01-24 00:37:46.000000,448,0.9719135699579246,0,-0.11,-0.22,-0.11
2024-01-24 00:37:46.000000,257,0.9593893264472008,0,-0.11,-0.22,-0.11
2024-01-24 00:37:46.000000,447,0.9628862642327524,0,-0.11,-0.22,-0.11
2024-01-24 00:37:46.000000,257,0.9500918380018508,0,-0.11,-0.22,-0.11
2024-01-24 00:37:46.000000,353,0.9681230057648944,0,-0.11,-0.22,-0.11
2024-01-24 00:37:46.000000,450,0.96959489636188,0,-0.11,-0.22,-0.11
2024-01-24 00:37:46.000000,353,0.9588533616558292,0,-0.11,-0.22,-0.11
2024-01-24 00:37:46.000000,353,0.9495455511743331,0,-0.11,-0.22,-0.11
2024-01-24 00:37:46.000000,257,0.9416558488996648,0,-0.11,-0.22,-0.11
2024-01-24 00:37:46.000000,266,0.972348691909952,0,-0.11,-0.22,-0.11
2024-01-24 00:37:46.000000,449,0.9619103649316196,0,-0.11,-0.22,-0.11
2024-01-24 00:37:46.000000,257,0.9333175645285112,0,-0.11,-0.22,-0.11
2024-01-24 00:37:46.000000,257,0.9240993996780958,0,-0.11,-0.22,-0.11
2024-01-24 00:37:46.000000,454,0.9771356381533102,0,-0.11,-0.22,-0.11
2024-01-24 00:37:46.000000,257,0.9155241448902226,0,-0.11,-0.22,-0.11
2024-01-24 00:37:46.000000,458,0.9747210967572221,0,-0.11,-0.22,-0.11
2024-01-24 00:37:46.000000,457,0.9717993650836244,0,-0.11,-0.22,-0.11
2024-01-24 00:37:46.000000,257,0.9076109478787164,0,-0.11,-0.22,-0.11
2024-01-24 00:37:46.000000,257,0.8986498491947992,0,-0.11,-0.22,-0.11
2024-01-24 00:37:46.000000,456,0.9642691384836324,0,-0.11,-0.22,-0.11
2024-01-24 00:37:46.000000,455,0.9597099346629999,0,-0.11,-0.22,-0.11
2024-01-24 00:37:46.000000,352,0.9523180346876476,0,-0.11,-0.22,-0.11
2024-01-24 00:37:46.000000,451,0.964347002765612,0,-0.11,-0.22,-0.11
2024-01-24 00:37:46.000000,446,0.9610498438152963,0,-0.11,-0.22,-0.11
2024-01-24 00:37:46.000000,257,0.8936802908991086,0,-0.11,-0.22,-0.11
2024-01-24 00:37:46.000000,443,0.9597705517057517,0,-0.11,-0.22,-0.11
2024-01-24 00:37:46.000000,257,0.8858604264636623,0,-0.11,-0.22,-0.11
2024-01-24 00:37:46.000000,435,0.9458073460505574,0,-0.11,-0.22,-0.11
2024-01-24 00:37:46.000000,452,0.9637354821060696,0,-0.11,-0.22,-0.11
2024-01-24 00:37:59.000000,143,0.8958784583845325,0,-0.11,-0.22,-0.11
2024-01-24 00:37:59.000000,145,0.9424982438642788,0,-0.11,-0.22,-0.11
2024-01-24 00:37:59.000000,143,0.8868042866919972,0,-0.11,-0.22,-0.11
2024-01-24 00:37:59.000000,143,0.8780037070550212,0,-0.11,-0.22,-0.11
2024-01-24 00:37:59.000000,197,0.9458730447920356,0,-0.11,-0.22,-0.11
2024-01-24 00:37:59.000000,200,0.9513894130110336,0,-0.11,-0.22,-0.11
2024-01-24 00:37:59.000000,144,0.8925829831676678,0,-0.11,-0.22,-0.11
2024-01-24 00:37:59.000000,143,0.8666021177163926,0,-0.11,-0.22,-0.11
2024-01-24 00:38:01.000000,200,0.942768098561212,0,-0.11,-0.22,-0.11
2024-01-24 00:41:10.000000,431,0.9598705506526723,0,-0.11,-0.22,-0.11
2024-01-24 00:41:10.000000,432,0.951561016803918,0,-0.11,-0.22,-0.11
2024-01-24 00:41:10.000000,433,0.9489675577118448,0,-0.11,-0.22,-0.11
2024-01-24 00:41:10.000000,434,0.9395525043282332,0,-0.11,-0.22,-0.11
2024-01-24 00:41:10.000000,435,0.9338911874936184,0,-0.11,-0.22,-0.11
2024-01-24 00:41:10.000000,435,0.924721093318726,0,-0.11,-0.22,-0.11
2024-01-24 00:41:10.000000,436,0.937255308612824,0,-0.11,-0.22,-0.11
2024-01-24 00:41:10.000000,256,0.923104228281677,0,-0.11,-0.22,-0.11
2024-01-24 00:41:10.000000,437,0.9498869725497241,0,-0.11,-0.22,-0.11
2024-01-24 00:41:10.000000,439,0.9590215549046897,0,-0.11,-0.22,-0.11
2024-01-24 00:41:10.000000,440,0.9565386910515464,0,-0.11,-0.22,-0.11
2024-01-24 00:41:10.000000,442,0.9599057894398288,0,-0.11,-0.22,-0.11
2024-01-24 00:41:10.000000,435,0.9123717250263902,0,-0.11,-0.22,-0.11
2024-01-24 00:41:10.000000,245,0.9644305235761164,0,-0.11,-0.22,-0.11
2024-01-24 00:41:10.000000,443,0.9502537107708052,0,-0.11,-0.22,-0.11
2024-01-24 00:41:10.000000,257,0.8946017369175296,0,-0.11,-0.22,-0.11
2024-01-24 00:41:10.000000,212,0.9666202493655088,0,-0.11,-0.22,-0.11
2024-01-24 00:41:10.000000,438,0.9444152279592636,0,-0.11,-0.22,-0.11
2024-01-24 00:41:10.000000,274,0.9626009342746794,0,-0.11,-0.22,-0.11
2024-01-24 00:41:10.000000,444,0.9532594257135628,0,-0.11,-0.22,-0.11
2024-01-24 00:41:10.000000,273,0.9536267789240662,0,-0.11,-0.22,-0.11
2024-01-24 00:41:10.000000,272,0.9541484590148872,0,-0.11,-0.22,-0.11
2024-01-24 00:41:10.000000,195,0.9652591699331756,0,-0.11,-0.22,-0.11
2024-01-24 00:41:10.000000,196,0.9477350975115754,0,-0.11,-0.22,-0.11
2024-01-24 00:41:10.000000,445,0.9545991402357972,0,-0.11,-0.22,-0.11
2024-01-24 00:41:10.000000,189,0.9690985638540236,0,-0.11,-0.22,-0.11
2024-01-24 00:41:20.000000,451,0.9568107276199578,0,-0.11,-0.22,-0.11
2024-01-24 00:41:20.000000,257,0.8952020004460415,0,-0.11,-0.22,-0.11
2024-01-24 00:41:20.000000,257,0.886364991236451,0,-0.11,-0.22,-0.11
2024-01-24 00:41:20.000000,452,0.9544348030594059,0,-0.11,-0.22,-0.11
2024-01-24 00:41:20.000000,257,0.8786060999334709,0,-0.11,-0.22,-0.11
2024-01-24 00:41:20.000000,454,0.9633544030479716,0,-0.11,-0.22,-0.11
2024-01-24 00:41:20.000000,443,0.9401867913414832,0,-0.11,-0.22,-0.11
2024-01-24 00:41:20.000000,257,0.8720773128589352,0,-0.11,-0.22,-0.11
2024-01-24 00:41:20.000000,455,0.9536882946803988,0,-0.11,-0.22,-0.11
2024-01-24 00:41:20.000000,257,0.8645657172821272,0,-0.11,-0.22,-0.11
2024-01-24 00:41:20.000000,257,0.8560350709041755,0,-0.11,-0.22,-0.11
2024-01-24 00:41:20.000000,458,0.9627970114722578,0,-0.11,-0.22,-0.11
2024-01-24 00:41:20.000000,457,0.9557383953550236,0,-0.11,-0.22,-0.11
2024-01-24 00:41:20.000000,435,0.9198007132535037,0,-0.11,-0.22,-0.11
2024-01-24 00:41:20.000000,450,0.953921490692853,0,-0.11,-0.22,-0.11
2024-01-24 00:41:20.000000,456,0.9464319878458152,0,-0.11,-0.22,-0.11
2024-01-24 00:41:20.000000,449,0.9560763488267192,0,-0.11,-0.22,-0.11
2024-01-24 00:41:20.000000,446,0.953950014685146,0,-0.11,-0.22,-0.11
2024-01-24 00:41:20.000000,257,0.8559565286783033,0,-0.11,-0.22,-0.11
2024-01-24 00:41:20.000000,266,0.968841561912826,0,-0.11,-0.22,-0.11
2024-01-24 00:41:20.000000,353,0.9532187415760052,0,-0.11,-0.22,-0.11
2024-01-24 00:41:20.000000,353,0.9439672772953074,0,-0.11,-0.22,-0.11
2024-01-24 00:41:20.000000,353,0.9348083276574164,0,-0.11,-0.22,-0.11
2024-01-24 00:41:20.000000,352,0.9393793428242084,0,-0.11,-0.22,-0.11
2024-01-24 00:41:20.000000,447,0.9522441730965616,0,-0.11,-0.22,-0.11
2024-01-24 00:41:20.000000,257,0.8544348237080435,0,-0.11,-0.22,-0.11
2024-01-24 00:41:20.000000,257,0.8460054862658328,0,-0.11,-0.22,-0.11
2024-01-24 00:41:20.000000,257,0.8376604421980443,0,-0.11,-0.22,-0.11
2024-01-24 00:41:20.000000,448,0.9490457889495496,0,-0.11,-0.22,-0.11
2024-01-24 00:41:34.000000,143,0.905885853719851,0,-0.11,-0.22,-0.11
2024-01-24 00:41:34.000000,143,0.8968944584125965,0,-0.11,-0.22,-0.11
2024-01-24 00:41:34.000000,144,0.9077496939233138,0,-0.11,-0.22,-0.11
2024-01-24 00:41:34.000000,341,0.9668009636667442,0,-0.11,-0.22,-0.11
2024-01-24 00:41:34.000000,199,0.9533559499473734,0,-0.11,-0.22,-0.11
2024-01-24 00:41:34.000000,342,0.9617864053840248,0,-0.11,-0.22,-0.11
2024-01-24 00:41:34.000000,342,0.9523902119431704,0,-0.11,-0.22,-0.11
2024-01-24 00:44:45.000000,431,0.9562417151633392,0,-0.11,-0.22,-0.11
2024-01-24 00:44:45.000000,432,0.9452103731555452,0,-0.11,-0.22,-0.11
2024-01-24 00:44:45.000000,433,0.941555740216805,0,-0.11,-0.22,-0.11
2024-01-24 00:44:45.000000,434,0.928474294054578,0,-0.11,-0.22,-0.11
2024-01-24 00:44:45.000000,435,0.9182156253797183,0,-0.11,-0.22,-0.11
2024-01-24 00:44:45.000000,435,0.9092022868259648,0,-0.11,-0.22,-0.11
2024-01-24 00:44:45.000000,436,0.925037925845026,0,-0.11,-0.22,-0.11
2024-01-24 00:44:45.000000,256,0.8951517069561108,0,-0.11,-0.22,-0.11
2024-01-24 00:44:45.000000,440,0.9572170175789708,0,-0.11,-0.22,-0.11
2024-01-24 00:44:45.000000,438,0.9477636176382008,0,-0.11,-0.22,-0.11
2024-01-24 00:44:45.000000,189,0.9653520441064224,0,-0.11,-0.22,-0.11
2024-01-24 00:44:45.000000,195,0.9595943684584728,0,-0.11,-0.22,-0.11
2024-01-24 00:44:45.000000,212,0.9629626517216441,0,-0.11,-0.22,-0.11
2024-01-24 00:44:45.000000,445,0.9503758767298944,0,-0.11,-0.22,-0.11
2024-01-24 00:44:45.000000,437,0.9380137078837644,0,-0.11,-0.22,-0.11
2024-01-24 00:44:45.000000,443,0.9454786076798822,0,-0.11,-0.22,-0.11
2024-01-24 00:44:45.000000,245,0.9619575554777652,0,-0.11,-0.22,-0.11
2024-01-24 00:44:45.000000,435,0.9014835693365102,0,-0.11,-0.22,-0.11
2024-01-24 00:44:45.000000,442,0.9488216129156579,0,-0.11,-0.22,-0.11
2024-01-24 00:44:45.000000,439,0.9436785377300604,0,-0.11,-0.22,-0.11
2024-01-24 00:44:45.000000,444,0.9386025754167128,0,-0.11,-0.22,-0.11
2024-01-24 00:44:46.000000,273,0.9545415002883344,0,-0.11,-0.22,-0.11
2024-01-24 00:44:46.000000,272,0.95193813640859,0,-0.11,-0.22,-0.11
2024-01-24 00:44:46.000000,274,0.9531294092039584,0,-0.11,-0.22,-0.11
2024-01-24 00:44:46.000000,196,0.9492240492213708,0,-0.11,-0.22,-0.11
2024-01-24 00:44:46.000000,257,0.8658334368212954,0,-0.11,-0.22,-0.11
2024-01-24 00:44:56.000000,449,0.9515475128553512,0,-0.11,-0.22,-0.11
2024-01-24 00:44:56.000000,450,0.945108690629043,0,-0.11,-0.22,-0.11
2024-01-24 00:44:56.000000,257,0.8596587074019892,0,-0.11,-0.22,-0.11
2024-01-24 00:44:56.000000,451,0.9456653281087338,0,-0.11,-0.22,-0.11
2024-01-24 00:44:56.000000,257,0.8524395725619309,0,-0.11,-0.22,-0.11
2024-01-24 00:44:56.000000,448,0.9433760317263484,0,-0.11,-0.22,-0.11
2024-01-24 00:44:56.000000,257,0.8453046387689889,0,-0.11,-0.22,-0.11
2024-01-24 00:44:56.000000,257,0.8369666031761689,0,-0.11,-0.22,-0.11
2024-01-24 00:44:56.000000,257,0.8287119479392768,0,-0.11,-0.22,-0.11
2024-01-24 00:44:56.000000,257,0.8205398392547539,0,-0.11,-0.22,-0.11
2024-01-24 00:44:56.000000,435,0.906523688507574,0,-0.11,-0.22,-0.11
2024-01-24 00:44:56.000000,454,0.9590787503109944,0,-0.11,-0.22,-0.11
2024-01-24 00:44:56.000000,443,0.9347391489981078,0,-0.11,-0.22,-0.11
2024-01-24 00:44:56.000000,257,0.8173614066841924,0,-0.11,-0.22,-0.11
2024-01-24 00:44:56.000000,455,0.9489967808155682,0,-0.11,-0.22,-0.11
2024-01-24 00:44:56.000000,456,0.9469362507267359,0,-0.11,-0.22,-0.11
2024-01-24 00:44:56.000000,257,0.8125451683398712,0,-0.11,-0.22,-0.11
2024-01-24 00:44:56.000000,257,0.8045347274513424,0,-0.11,-0.22,-0.11
2024-01-24 00:44:56.000000,457,0.9492860243813616,0,-0.11,-0.22,-0.11
2024-01-24 00:44:56.000000,458,0.9511659356655175,0,-0.11,-0.22,-0.11
2024-01-24 00:44:56.000000,257,0.7999167098253469,0,-0.11,-0.22,-0.11
2024-01-24 00:44:56.000000,452,0.9528787740687281,0,-0.11,-0.22,-0.11
2024-01-24 00:44:56.000000,447,0.9455968814853508,0,-0.11,-0.22,-0.11
2024-01-24 00:44:56.000000,353,0.9432589918831188,0,-0.11,-0.22,-0.11
2024-01-24 00:44:56.000000,352,0.94318344612933,0,-0.11,-0.22,-0.11
2024-01-24 00:44:56.000000,353,0.9288137863167448,0,-0.11,-0.22,-0.11
2024-01-24 00:44:56.000000,266,0.9667999803779236,0,-0.11,-0.22,-0.11
2024-01-24 00:44:56.000000,446,0.9433676457212018,0,-0.11,-0.22,-0.11
2024-01-24 00:44:56.000000,353,0.9208832731819242,0,-0.11,-0.22,-0.11
2024-01-24 00:45:09.000000,205,0.9670987924419384,0,-0.11,-0.22,-0.11
2024-01-24 00:45:09.000000,201,0.9614930267351562,0,-0.11,-0.22,-0.11
2024-01-24 00:45:09.000000,143,0.9226448411392822,0,-0.11,-0.22,-0.11
2024-01-24 00:45:09.000000,204,0.9575671482403306,0,-0.11,-0.22,-0.11
2024-01-24 00:45:09.000000,143,0.9141019214269841,0,-0.11,-0.22,-0.11
2024-01-24 00:45:09.000000,144,0.9212979060160448,0,-0.11,-0.22,-0.11
2024-01-24 00:45:09.000000,145,0.9444595470699864,0,-0.11,-0.22,-0.11
2024-01-24 00:45:09.000000,203,0.9565658401379259,0,-0.11,-0.22,-0.11
2024-01-24 00:45:09.000000,143,0.9003754464355229,0,-0.11,-0.22,-0.11
2024-01-24 00:45:09.000000,143,0.8914391552011115,0,-0.11,-0.22,-0.11
2024-01-24 00:45:09.000000,197,0.9554745274493028,0,-0.11,-0.22,-0.11
2024-01-24 00:45:10.000000,201,0.9524585326153446,0,-0.11,-0.22,-0.11
2024-01-24 00:47:31.000000,210,0.9704734781398392,0,-0.11,-0.22,-0.11
2024-01-24 00:47:31.000000,209,0.964491510222676,0,-0.11,-0.22,-0.11
2024-01-24 00:47:31.000000,211,0.9603904642752534,0,-0.11,-0.22,-0.11
2024-01-24 00:48:28.000000,192,0.9695526224955944,0,-0.11,-0.22,-0.11
2024-01-24 00:48:30.000000,193,0.9644122325182511,0,-0.11,-0.22,-0.11
2024-01-24 00:48:30.000000,287,0.9715125935469672,0,-0.11,-0.22,-0.11
2024-01-24 00:49:19.000000,144,0.9036272337434847,0,-0.11,-0.22,-0.11
2024-01-24 00:49:19.000000,143,0.8843053502240267,0,-0.11,-0.22,-0.11
2024-01-24 00:49:19.000000,199,0.956020243739485,0,-0.11,-0.22,-0.11
2024-01-24 00:49:19.000000,342,0.9593245054861512,0,-0.11,-0.22,-0.11
2024-01-24 00:49:19.000000,342,0.9499529310442756,0,-0.11,-0.22,-0.11
2024-01-24 00:49:19.000000,341,0.9491077291340154,0,-0.11,-0.22,-0.11
2024-01-24 00:49:19.000000,143,0.8794222728208976,0,-0.11,-0.22,-0.11
2024-01-24 00:52:21.000000,192,0.9553095594482456,0,-0.11,-0.22,-0.11
2024-01-24 00:52:23.000000,193,0.9503332125079559,0,-0.11,-0.22,-0.11
2024-01-24 00:52:23.000000,287,0.9623990377526704,0,-0.11,-0.22,-0.11
2024-01-24 00:53:05.000000,143,0.8734990719796183,0,-0.11,-0.22,-0.11
2024-01-24 00:53:05.000000,197,0.9491527140165552,0,-0.11,-0.22,-0.11
2024-01-24 00:53:05.000000,200,0.9472750027207272,0,-0.11,-0.22,-0.11
2024-01-24 00:53:05.000000,144,0.8874427652597936,0,-0.11,-0.22,-0.11
2024-01-24 00:53:05.000000,145,0.9284846042922478,0,-0.11,-0.22,-0.11
2024-01-24 00:53:05.000000,143,0.8623392544357624,0,-0.11,-0.22,-0.11
2024-01-24 00:53:05.000000,143,0.8537833251213488,0,-0.11,-0.22,-0.11
2024-01-24 00:53:05.000000,203,0.9526144352419084,0,-0.11,-0.22,-0.11
2024-01-24 00:53:05.000000,204,0.9449949532652174,0,-0.11,-0.22,-0.11
2024-01-24 00:53:05.000000,205,0.9510522577200282,0,-0.11,-0.22,-0.11
2024-01-24 00:53:05.000000,143,0.8491893732039696,0,-0.11,-0.22,-0.11
2024-01-24 00:53:07.000000,200,0.9407569110059608,0,-0.11,-0.22,-0.11
2024-01-24 00:56:24.000000,192,0.9440937314920708,0,-0.11,-0.22,-0.11
2024-01-24 00:56:26.000000,287,0.9550793303448794,0,-0.11,-0.22,-0.11
2024-01-24 00:56:26.000000,193,0.9395461842447812,0,-0.11,-0.22,-0.11
2024-01-24 00:59:53.000000,192,0.929771712521146,0,-0.11,-0.22,-0.11
2024-01-24 00:59:55.000000,193,0.9250666570547772,0,-0.11,-0.22,-0.11
2024-01-24 00:59:55.000000,287,0.9461847447295764,0,-0.11,-0.22,-0.11
2024-01-24 01:03:18.000000,192,0.9159312947287379,0,-0.11,-0.22,-0.11
2024-01-24 01:03:20.000000,193,0.9113151559910316,0,-0.11,-0.22,-0.11
2024-01-24 01:03:21.000000,287,0.937410065170615,0,-0.11,-0.22,-0.11
2024-01-24 01:06:22.000000,209,0.9593697810102548,0,-0.11,-0.22,-0.11
2024-01-24 01:06:23.000000,220,0.969942452220145,0,-0.11,-0.22,-0.11
2024-01-24 01:06:23.000000,211,0.9567801035500972,0,-0.11,-0.22,-0.11
2024-01-24 01:06:23.000000,124,0.9746187323887078,0,-0.11,-0.22,-0.11
2024-01-24 01:06:23.000000,125,0.9666964053385916,0,-0.11,-0.22,-0.11
2024-01-24 01:06:23.000000,126,0.9643733261292748,0,-0.11,-0.22,-0.11
2024-01-24 01:07:26.000000,445,0.9518361488129436,0,-0.11,-0.22,-0.11
2024-01-24 01:07:26.000000,439,0.955744582863054,0,-0.11,-0.22,-0.11
2024-01-24 01:07:26.000000,440,0.9536414113161504,0,-0.11,-0.22,-0.11
2024-01-24 01:07:26.000000,195,0.9576534728077379,0,-0.11,-0.22,-0.11
2024-01-24 01:07:26.000000,196,0.9461984985229904,0,-0.11,-0.22,-0.11
2024-01-24 01:07:26.000000,274,0.9623536676619834,0,-0.11,-0.22,-0.11
2024-01-24 01:07:26.000000,444,0.9475558747433152,0,-0.11,-0.22,-0.11
2024-01-24 01:07:26.000000,435,0.9381190509461096,0,-0.11,-0.22,-0.11
2024-01-24 01:07:26.000000,245,0.963423588864585,0,-0.11,-0.22,-0.11
2024-01-24 01:07:26.000000,443,0.945482112702894,0,-0.11,-0.22,-0.11
2024-01-24 01:07:26.000000,438,0.9485556589853912,0,-0.11,-0.22,-0.11
2024-01-24 01:07:26.000000,442,0.9509488948529272,0,-0.11,-0.22,-0.11
2024-01-24 01:07:26.000000,437,0.9472452148289816,0,-0.11,-0.22,-0.11
2024-01-24 01:07:26.000000,273,0.9531653760302756,0,-0.11,-0.22,-0.11
2024-01-24 01:07:26.000000,272,0.9534481701986168,0,-0.11,-0.22,-0.11
2024-01-24 01:07:26.000000,212,0.9572697650049504,0,-0.11,-0.22,-0.11
2024-01-24 01:07:26.000000,189,0.968171414771706,0,-0.11,-0.22,-0.11
2024-01-24 01:07:26.000000,431,0.9619934703733024,0,-0.11,-0.22,-0.11
2024-01-24 01:07:26.000000,432,0.9525280319627636,0,-0.11,-0.22,-0.11
2024-01-24 01:07:26.000000,433,0.9498192626360016,0,-0.11,-0.22,-0.11
2024-01-24 01:07:26.000000,434,0.9381965103581013,0,-0.11,-0.22,-0.11
2024-01-24 01:07:26.000000,435,0.9261243223291336,0,-0.11,-0.22,-0.11
2024-01-24 01:07:26.000000,256,0.924822686334586,0,-0.11,-0.22,-0.11
2024-01-24 01:07:26.000000,257,0.8915391001045478,0,-0.11,-0.22,-0.11
2024-01-24 01:07:26.000000,436,0.9319561266520698,0,-0.11,-0.22,-0.11
2024-01-24 01:07:26.000000,435,0.913078519402558,0,-0.11,-0.22,-0.11
2024-01-24 01:07:36.000000,266,0.9650604381974348,0,-0.11,-0.22,-0.11
2024-01-24 01:07:36.000000,458,0.9598498426287616,0,-0.11,-0.22,-0.11
2024-01-24 01:07:36.000000,457,0.9508625968239799,0,-0.11,-0.22,-0.11
2024-01-24 01:07:36.000000,257,0.8871838772601426,0,-0.11,-0.22,-0.11
2024-01-24 01:07:36.000000,456,0.9490710072207321,0,-0.11,-0.22,-0.11
2024-01-24 01:07:36.000000,455,0.9498687386763368,0,-0.11,-0.22,-0.11
2024-01-24 01:07:36.000000,257,0.8802939715671066,0,-0.11,-0.22,-0.11
2024-01-24 01:07:36.000000,443,0.9398521870228894,0,-0.11,-0.22,-0.11
2024-01-24 01:07:36.000000,454,0.9547709887501856,0,-0.11,-0.22,-0.11
2024-01-24 01:07:36.000000,257,0.8737135525163031,0,-0.11,-0.22,-0.11
2024-01-24 01:07:36.000000,435,0.9107344340757312,0,-0.11,-0.22,-0.11
2024-01-24 01:07:36.000000,452,0.9610838332768976,0,-0.11,-0.22,-0.11
2024-01-24 01:07:36.000000,257,0.8673274192756883,0,-0.11,-0.22,-0.11
2024-01-24 01:07:36.000000,451,0.9536797366092138,0,-0.11,-0.22,-0.11
2024-01-24 01:07:36.000000,257,0.8599556770693436,0,-0.11,-0.22,-0.11
2024-01-24 01:07:36.000000,450,0.9520765014222728,0,-0.11,-0.22,-0.11
2024-01-24 01:07:36.000000,257,0.8526946662019379,0,-0.11,-0.22,-0.11
2024-01-24 01:07:36.000000,449,0.9534823691792296,0,-0.11,-0.22,-0.11
2024-01-24 01:07:36.000000,257,0.8456282070600445,0,-0.11,-0.22,-0.11
2024-01-24 01:07:36.000000,448,0.9518007180305748,0,-0.11,-0.22,-0.11
2024-01-24 01:07:36.000000,257,0.8386288194405902,0,-0.11,-0.22,-0.11
2024-01-24 01:07:36.000000,447,0.9498899994584941,0,-0.11,-0.22,-0.11
2024-01-24 01:07:36.000000,353,0.949236178912619,0,-0.11,-0.22,-0.11
2024-01-24 01:07:36.000000,353,0.9400245402585548,0,-0.11,-0.22,-0.11
2024-01-24 01:07:36.000000,446,0.9471196509861884,0,-0.11,-0.22,-0.11
2024-01-24 01:07:36.000000,352,0.9435448042956944,0,-0.11,-0.22,-0.11
2024-01-24 01:07:36.000000,353,0.9261488607648514,0,-0.11,-0.22,-0.11
2024-01-24 01:07:36.000000,257,0.8381245779372812,0,-0.11,-0.22,-0.11
2024-01-24 01:07:36.000000,257,0.8298583429527783,0,-0.11,-0.22,-0.11
2024-01-24 01:11:39.000000,440,0.954747231039885,0,-0.11,-0.22,-0.11
2024-01-24 01:11:39.000000,439,0.944309114236568,0,-0.11,-0.22,-0.11
2024-01-24 01:11:39.000000,438,0.9405015307594744,0,-0.11,-0.22,-0.11
2024-01-24 01:11:39.000000,437,0.9380591892811184,0,-0.11,-0.22,-0.11
2024-01-24 01:11:39.000000,442,0.9489177133224979,0,-0.11,-0.22,-0.11
2024-01-24 01:11:39.000000,435,0.9159081607341744,0,-0.11,-0.22,-0.11
2024-01-24 01:11:39.000000,245,0.9602285660324346,0,-0.11,-0.22,-0.11
2024-01-24 01:11:39.000000,443,0.9361191113862136,0,-0.11,-0.22,-0.11
2024-01-24 01:11:39.000000,444,0.9383709118201268,0,-0.11,-0.22,-0.11
2024-01-24 01:11:39.000000,445,0.9388622790903064,0,-0.11,-0.22,-0.11
2024-01-24 01:11:39.000000,212,0.9567306316136558,0,-0.11,-0.22,-0.11
2024-01-24 01:11:39.000000,256,0.8873389259400859,0,-0.11,-0.22,-0.11
2024-01-24 01:11:39.000000,436,0.9212017805814059,0,-0.11,-0.22,-0.11
2024-01-24 01:11:39.000000,435,0.9056619632170032,0,-0.11,-0.22,-0.11
2024-01-24 01:11:39.000000,189,0.9651682483145764,0,-0.11,-0.22,-0.11
2024-01-24 01:11:39.000000,434,0.922150287476601,0,-0.11,-0.22,-0.11
2024-01-24 01:11:39.000000,433,0.9391742083761654,0,-0.11,-0.22,-0.11
2024-01-24 01:11:39.000000,432,0.9432358982990192,0,-0.11,-0.22,-0.11
2024-01-24 01:11:39.000000,431,0.9499482502826212,0,-0.11,-0.22,-0.11
2024-01-24 01:11:39.000000,435,0.8936653828133537,0,-0.11,-0.22,-0.11
2024-01-24 01:11:39.000000,195,0.958843727143084,0,-0.11,-0.22,-0.11
2024-01-24 01:11:40.000000,272,0.9572209676544906,0,-0.11,-0.22,-0.11
2024-01-24 01:11:40.000000,273,0.9488373330062844,0,-0.11,-0.22,-0.11
2024-01-24 01:11:40.000000,257,0.8484104074819361,0,-0.11,-0.22,-0.11
2024-01-24 01:11:40.000000,196,0.9504368559140388,0,-0.11,-0.22,-0.11
2024-01-24 01:11:40.000000,274,0.9539026397046602,0,-0.11,-0.22,-0.11
2024-01-24 01:11:50.000000,257,0.8427495872084028,0,-0.11,-0.22,-0.11
2024-01-24 01:11:50.000000,257,0.8344371021311886,0,-0.11,-0.22,-0.11
2024-01-24 01:11:50.000000,456,0.9493162148007585,0,-0.11,-0.22,-0.11
2024-01-24 01:11:50.000000,257,0.8276615617617111,0,-0.11,-0.22,-0.11
2024-01-24 01:11:50.000000,443,0.9311720750729856,0,-0.11,-0.22,-0.11
2024-01-24 01:11:50.000000,454,0.9542429484981234,0,-0.11,-0.22,-0.11
2024-01-24 01:11:50.000000,257,0.8226443779145376,0,-0.11,-0.22,-0.11
2024-01-24 01:11:50.000000,257,0.8145329449302621,0,-0.11,-0.22,-0.11
2024-01-24 01:11:50.000000,435,0.8969112991319389,0,-0.11,-0.22,-0.11
2024-01-24 01:11:50.000000,452,0.9555550392679404,0,-0.11,-0.22,-0.11
2024-01-24 01:11:50.000000,257,0.8099045349155602,0,-0.11,-0.22,-0.11
2024-01-24 01:11:50.000000,451,0.9466924659492996,0,-0.11,-0.22,-0.11
2024-01-24 01:11:50.000000,450,0.9442004358990942,0,-0.11,-0.22,-0.11
2024-01-24 01:11:50.000000,257,0.8053769994462554,0,-0.11,-0.22,-0.11
2024-01-24 01:11:50.000000,449,0.9454933829137574,0,-0.11,-0.22,-0.11
2024-01-24 01:11:50.000000,257,0.7992521618728,0,-0.11,-0.22,-0.11
2024-01-24 01:11:50.000000,448,0.9431421438203852,0,-0.11,-0.22,-0.11
2024-01-24 01:11:50.000000,257,0.793175657552572,0,-0.11,-0.22,-0.11
2024-01-24 01:11:50.000000,447,0.9412474758852801,0,-0.11,-0.22,-0.11
2024-01-24 01:11:50.000000,353,0.9371681578671284,0,-0.11,-0.22,-0.11
2024-01-24 01:11:50.000000,353,0.9280771994235192,0,-0.11,-0.22,-0.11
2024-01-24 01:11:50.000000,353,0.9190771505643462,0,-0.11,-0.22,-0.11
2024-01-24 01:11:50.000000,266,0.9660772219989048,0,-0.11,-0.22,-0.11
2024-01-24 01:11:50.000000,352,0.9288383625778474,0,-0.11,-0.22,-0.11
2024-01-24 01:11:50.000000,446,0.9405705499149422,0,-0.11,-0.22,-0.11
2024-01-24 01:11:50.000000,457,0.950186676595383,0,-0.11,-0.22,-0.11
2024-01-24 01:11:50.000000,257,0.7993460525989731,0,-0.11,-0.22,-0.11
2024-01-24 01:11:50.000000,458,0.951004754296485,0,-0.11,-0.22,-0.11
2024-01-24 01:11:50.000000,455,0.9448562963409928,0,-0.11,-0.22,-0.11
2024-01-24 01:15:25.000000,192,0.9497057464653164,0,-0.11,-0.22,-0.11
2024-01-24 01:15:27.000000,193,0.9442879659057112,0,-0.11,-0.22,-0.11
2024-01-24 01:15:29.000000,287,0.9605341793354945,0,-0.11,-0.22,-0.11
2024-01-24 01:19:34.000000,192,0.9352732679307324,0,-0.11,-0.22,-0.11
2024-01-24 01:19:36.000000,193,0.9299655727477841,0,-0.11,-0.22,-0.11
2024-01-24 01:19:37.000000,287,0.9513333072193024,0,-0.11,-0.22,-0.11
2024-01-24 01:23:32.000000,439,0.9487338207213027,0,-0.11,-0.22,-0.11
2024-01-24 01:23:32.000000,438,0.940634120171044,0,-0.11,-0.22,-0.11
2024-01-24 01:23:32.000000,437,0.9362144466788724,0,-0.11,-0.22,-0.11
2024-01-24 01:23:32.000000,256,0.8698917618782427,0,-0.11,-0.22,-0.11
2024-01-24 01:23:32.000000,436,0.9190103991179168,0,-0.11,-0.22,-0.11
2024-01-24 01:23:32.000000,435,0.9040131425420752,0,-0.11,-0.22,-0.11
2024-01-24 01:23:32.000000,435,0.8951418288166982,0,-0.11,-0.22,-0.11
2024-01-24 01:23:32.000000,434,0.913166018247789,0,-0.11,-0.22,-0.11
2024-01-24 01:23:32.000000,432,0.9433906560509272,0,-0.11,-0.22,-0.11
2024-01-24 01:23:32.000000,431,0.9471953989843321,0,-0.11,-0.22,-0.11
2024-01-24 01:23:32.000000,196,0.9529022054163704,0,-0.11,-0.22,-0.11
2024-01-24 01:23:32.000000,189,0.9636278058395892,0,-0.11,-0.22,-0.11
2024-01-24 01:23:32.000000,272,0.9536247234803946,0,-0.11,-0.22,-0.11
2024-01-24 01:23:32.000000,273,0.9440627022950024,0,-0.11,-0.22,-0.11
2024-01-24 01:23:32.000000,440,0.9499770485859468,0,-0.11,-0.22,-0.11
2024-01-24 01:23:32.000000,433,0.9295314635913468,0,-0.11,-0.22,-0.11
2024-01-24 01:23:32.000000,442,0.9497521012024058,0,-0.11,-0.22,-0.11
2024-01-24 01:23:32.000000,274,0.9503196457693512,0,-0.11,-0.22,-0.11
2024-01-24 01:23:32.000000,245,0.9610373869530554,0,-0.11,-0.22,-0.11
2024-01-24 01:23:32.000000,443,0.9371926653685676,0,-0.11,-0.22,-0.11
2024-01-24 01:23:32.000000,444,0.9388913685850798,0,-0.11,-0.22,-0.11
2024-01-24 01:23:32.000000,445,0.9390561056704518,0,-0.11,-0.22,-0.11
2024-01-24 01:23:32.000000,212,0.9591557959679804,0,-0.11,-0.22,-0.11
2024-01-24 01:23:32.000000,257,0.8360154786740379,0,-0.11,-0.22,-0.11
2024-01-24 01:23:32.000000,435,0.893921822623899,0,-0.11,-0.22,-0.11
2024-01-24 01:23:32.000000,195,0.9514873280363042,0,-0.11,-0.22,-0.11
2024-01-24 01:23:42.000000,257,0.8307299033764793,0,-0.11,-0.22,-0.11
2024-01-24 01:23:42.000000,452,0.9532997495921692,0,-0.11,-0.22,-0.11
2024-01-24 01:23:42.000000,435,0.8879656886003914,0,-0.11,-0.22,-0.11
2024-01-24 01:23:42.000000,257,0.8256206007044675,0,-0.11,-0.22,-0.11
2024-01-24 01:23:42.000000,454,0.9513393359239292,0,-0.11,-0.22,-0.11
2024-01-24 01:23:42.000000,443,0.9268754967402486,0,-0.11,-0.22,-0.11
2024-01-24 01:23:42.000000,257,0.8206655359425321,0,-0.11,-0.22,-0.11
2024-01-24 01:23:42.000000,456,0.9454452309506142,0,-0.11,-0.22,-0.11
2024-01-24 01:23:42.000000,257,0.8141640497402092,0,-0.11,-0.22,-0.11
2024-01-24 01:23:42.000000,451,0.9442712065921052,0,-0.11,-0.22,-0.11
2024-01-24 01:23:42.000000,457,0.9417430207458846,0,-0.11,-0.22,-0.11
2024-01-24 01:23:42.000000,458,0.9448977981006172,0,-0.11,-0.22,-0.11
2024-01-24 01:23:42.000000,257,0.8109387846757115,0,-0.11,-0.22,-0.11
2024-01-24 01:23:42.000000,257,0.8029444076238242,0,-0.11,-0.22,-0.11
2024-01-24 01:23:42.000000,455,0.9372266649306362,0,-0.11,-0.22,-0.11
2024-01-24 01:23:42.000000,257,0.7968085568611949,0,-0.11,-0.22,-0.11
2024-01-24 01:23:42.000000,446,0.9419574337276324,0,-0.11,-0.22,-0.11
2024-01-24 01:23:42.000000,266,0.963964206339076,0,-0.11,-0.22,-0.11
2024-01-24 01:23:42.000000,353,0.933748505152068,0,-0.11,-0.22,-0.11
2024-01-24 01:23:42.000000,353,0.9246917432356094,0,-0.11,-0.22,-0.11
2024-01-24 01:23:42.000000,353,0.9157255489383156,0,-0.11,-0.22,-0.11
2024-01-24 01:23:42.000000,257,0.7976716940002991,0,-0.11,-0.22,-0.11
2024-01-24 01:23:42.000000,352,0.9260009641585172,0,-0.11,-0.22,-0.11
2024-01-24 01:23:42.000000,450,0.945215699140552,0,-0.11,-0.22,-0.11
2024-01-24 01:23:42.000000,257,0.7933253748208565,0,-0.11,-0.22,-0.11
2024-01-24 01:23:42.000000,448,0.9472456738199684,0,-0.11,-0.22,-0.11
2024-01-24 01:23:42.000000,257,0.7873668135629617,0,-0.11,-0.22,-0.11
2024-01-24 01:23:42.000000,449,0.9405774959732396,0,-0.11,-0.22,-0.11
2024-01-24 01:23:42.000000,447,0.9360245621724836,0,-0.11,-0.22,-0.11
2024-01-24 01:26:57.000000,189,0.9612189616875632,0,-0.11,-0.22,-0.11
2024-01-24 01:26:57.000000,195,0.9506358908035784,0,-0.11,-0.22,-0.11
2024-01-24 01:26:57.000000,435,0.9030672754915372,0,-0.11,-0.22,-0.11
2024-01-24 01:26:57.000000,445,0.9360618477881372,0,-0.11,-0.22,-0.11
2024-01-24 01:26:57.000000,431,0.9503726397041288,0,-0.11,-0.22,-0.11
2024-01-24 01:26:57.000000,432,0.9357611170777164,0,-0.11,-0.22,-0.11
2024-01-24 01:26:57.000000,433,0.9296172273173444,0,-0.11,-0.22,-0.11
2024-01-24 01:26:57.000000,434,0.908797914510932,0,-0.11,-0.22,-0.11
2024-01-24 01:26:57.000000,435,0.8910485260117871,0,-0.11,-0.22,-0.11
2024-01-24 01:26:57.000000,435,0.8823068584517127,0,-0.11,-0.22,-0.11
2024-01-24 01:26:57.000000,436,0.9067531529221586,0,-0.11,-0.22,-0.11
2024-01-24 01:26:57.000000,256,0.8654231105120542,0,-0.11,-0.22,-0.11
2024-01-24 01:26:57.000000,437,0.934542821967468,0,-0.11,-0.22,-0.11
2024-01-24 01:26:57.000000,438,0.9401584916538476,0,-0.11,-0.22,-0.11
2024-01-24 01:26:57.000000,212,0.9572618416268333,0,-0.11,-0.22,-0.11
2024-01-24 01:26:57.000000,440,0.952577696358148,0,-0.11,-0.22,-0.11
2024-01-24 01:26:57.000000,442,0.9461057849157256,0,-0.11,-0.22,-0.11
2024-01-24 01:26:57.000000,439,0.9375328468901006,0,-0.11,-0.22,-0.11
2024-01-24 01:26:57.000000,444,0.9343598214419973,0,-0.11,-0.22,-0.11
2024-01-24 01:26:57.000000,443,0.925385628899674,0,-0.11,-0.22,-0.11
2024-01-24 01:26:57.000000,245,0.9592988501123016,0,-0.11,-0.22,-0.11
2024-01-24 01:26:58.000000,273,0.9493417823521724,0,-0.11,-0.22,-0.11
2024-01-24 01:26:58.000000,257,0.8165757582607378,0,-0.11,-0.22,-0.11
2024-01-24 01:26:58.000000,272,0.948598244252908,0,-0.11,-0.22,-0.11
2024-01-24 01:26:58.000000,196,0.9502392964661772,0,-0.11,-0.22,-0.11
2024-01-24 01:26:58.000000,274,0.9498140346873823,0,-0.11,-0.22,-0.11
2024-01-24 01:27:08.000000,257,0.8134658139017256,0,-0.11,-0.22,-0.11
2024-01-24 01:27:08.000000,456,0.9421610253537421,0,-0.11,-0.22,-0.11
2024-01-24 01:27:08.000000,448,0.9386980505702582,0,-0.11,-0.22,-0.11
2024-01-24 01:27:08.000000,457,0.9373279947793955,0,-0.11,-0.22,-0.11
2024-01-24 01:27:08.000000,458,0.9417674365072524,0,-0.11,-0.22,-0.11
2024-01-24 01:27:08.000000,257,0.8118218749391456,0,-0.11,-0.22,-0.11
2024-01-24 01:27:08.000000,455,0.9378290874796998,0,-0.11,-0.22,-0.11
2024-01-24 01:27:08.000000,257,0.8055093625769413,0,-0.11,-0.22,-0.11
2024-01-24 01:27:08.000000,443,0.9242227182899104,0,-0.11,-0.22,-0.11
2024-01-24 01:27:08.000000,450,0.9429561124238158,0,-0.11,-0.22,-0.11
2024-01-24 01:27:08.000000,257,0.8011879050383081,0,-0.11,-0.22,-0.11
2024-01-24 01:27:08.000000,449,0.9336929591436124,0,-0.11,-0.22,-0.11
2024-01-24 01:27:08.000000,257,0.7951464304435707,0,-0.11,-0.22,-0.11
2024-01-24 01:27:08.000000,446,0.9373104519121059,0,-0.11,-0.22,-0.11
2024-01-24 01:27:08.000000,352,0.9369664594878389,0,-0.11,-0.22,-0.11
2024-01-24 01:27:08.000000,266,0.9629246638593824,0,-0.11,-0.22,-0.11
2024-01-24 01:27:08.000000,353,0.9230409878992644,0,-0.11,-0.22,-0.11
2024-01-24 01:27:08.000000,257,0.794407459627385,0,-0.11,-0.22,-0.11
2024-01-24 01:27:08.000000,451,0.9428112253984728,0,-0.11,-0.22,-0.11
2024-01-24 01:27:08.000000,257,0.7884868246180415,0,-0.11,-0.22,-0.11
2024-01-24 01:27:08.000000,353,0.9156546165572004,0,-0.11,-0.22,-0.11
2024-01-24 01:27:08.000000,452,0.94867397880777,0,-0.11,-0.22,-0.11
2024-01-24 01:27:08.000000,454,0.9464521277224884,0,-0.11,-0.22,-0.11
2024-01-24 01:27:08.000000,353,0.908051516664634,0,-0.11,-0.22,-0.11
2024-01-24 01:27:08.000000,257,0.7880795490532091,0,-0.11,-0.22,-0.11
2024-01-24 01:27:08.000000,447,0.9329816779551836,0,-0.11,-0.22,-0.11
2024-01-24 01:27:08.000000,257,0.7821911251779998,0,-0.11,-0.22,-0.11
2024-01-24 01:27:08.000000,435,0.9046736107264052,0,-0.11,-0.22,-0.11
2024-01-24 01:27:08.000000,257,0.776522614359652,0,-0.11,-0.22,-0.11
2024-01-24 01:30:32.000000,245,0.9551601876165832,0,-0.11,-0.22,-0.11
2024-01-24 01:30:32.000000,435,0.897371687162029,0,-0.11,-0.22,-0.11
2024-01-24 01:30:32.000000,442,0.9405173180440376,0,-0.11,-0.22,-0.11
2024-01-24 01:30:32.000000,440,0.94803522517622,0,-0.11,-0.22,-0.11
2024-01-24 01:30:32.000000,443,0.9227636503991834,0,-0.11,-0.22,-0.11
2024-01-24 01:30:32.000000,195,0.9518409313859004,0,-0.11,-0.22,-0.11
2024-01-24 01:30:32.000000,189,0.9620346690430585,0,-0.11,-0.22,-0.11
2024-01-24 01:30:32.000000,272,0.9491363842548554,0,-0.11,-0.22,-0.11
2024-01-24 01:30:32.000000,273,0.9380369012565004,0,-0.11,-0.22,-0.11
2024-01-24 01:30:32.000000,439,0.9398665402118148,0,-0.11,-0.22,-0.11
2024-01-24 01:30:32.000000,212,0.9572258155003094,0,-0.11,-0.22,-0.11
2024-01-24 01:30:32.000000,257,0.7906255939166956,0,-0.11,-0.22,-0.11
2024-01-24 01:30:32.000000,274,0.9456607553206366,0,-0.11,-0.22,-0.11
2024-01-24 01:30:32.000000,196,0.9467539551494872,0,-0.11,-0.22,-0.11
2024-01-24 01:30:32.000000,444,0.930487759188893,0,-0.11,-0.22,-0.11
2024-01-24 01:30:32.000000,445,0.9316383369696132,0,-0.11,-0.22,-0.11
2024-01-24 01:30:32.000000,437,0.9401784564758224,0,-0.11,-0.22,-0.11
2024-01-24 01:30:32.000000,256,0.8585394478180487,0,-0.11,-0.22,-0.11
2024-01-24 01:30:32.000000,434,0.9191899940593372,0,-0.11,-0.22,-0.11
2024-01-24 01:30:32.000000,433,0.9340726133680122,0,-0.11,-0.22,-0.11
2024-01-24 01:30:32.000000,432,0.9381478636364686,0,-0.11,-0.22,-0.11
2024-01-24 01:30:32.000000,438,0.9350501531210528,0,-0.11,-0.22,-0.11
2024-01-24 01:30:32.000000,435,0.8960349765117799,0,-0.11,-0.22,-0.11
2024-01-24 01:30:32.000000,435,0.8872434444467059,0,-0.11,-0.22,-0.11
2024-01-24 01:30:32.000000,436,0.9041463364504324,0,-0.11,-0.22,-0.11
2024-01-24 01:30:32.000000,431,0.9474766498171447,0,-0.11,-0.22,-0.11
2024-01-24 01:30:42.000000,352,0.930352791070739,0,-0.11,-0.22,-0.11
2024-01-24 01:30:42.000000,266,0.9604563689085058,0,-0.11,-0.22,-0.11
2024-01-24 01:30:42.000000,353,0.9142732070100192,0,-0.11,-0.22,-0.11
2024-01-24 01:30:42.000000,353,0.9054111980749808,0,-0.11,-0.22,-0.11
2024-01-24 01:30:42.000000,449,0.9417238639991972,0,-0.11,-0.22,-0.11
2024-01-24 01:30:42.000000,257,0.8110111200128879,0,-0.11,-0.22,-0.11
2024-01-24 01:30:42.000000,450,0.9360283461145774,0,-0.11,-0.22,-0.11
2024-01-24 01:30:42.000000,257,0.8047241058309058,0,-0.11,-0.22,-0.11
2024-01-24 01:30:42.000000,451,0.9375526578624898,0,-0.11,-0.22,-0.11
2024-01-24 01:30:42.000000,257,0.7985981695621122,0,-0.11,-0.22,-0.11
2024-01-24 01:30:42.000000,435,0.8846104082969221,0,-0.11,-0.22,-0.11
2024-01-24 01:30:42.000000,454,0.9493985744423254,0,-0.11,-0.22,-0.11
2024-01-24 01:30:42.000000,443,0.9258056353805741,0,-0.11,-0.22,-0.11
2024-01-24 01:30:42.000000,446,0.9369939828320516,0,-0.11,-0.22,-0.11
2024-01-24 01:30:42.000000,455,0.9401912939200938,0,-0.11,-0.22,-0.11
2024-01-24 01:30:42.000000,456,0.9386406353063892,0,-0.11,-0.22,-0.11
2024-01-24 01:30:42.000000,257,0.8014501804614971,0,-0.11,-0.22,-0.11
2024-01-24 01:30:42.000000,257,0.7935506894517519,0,-0.11,-0.22,-0.11
2024-01-24 01:30:42.000000,457,0.9395789716230372,0,-0.11,-0.22,-0.11
2024-01-24 01:30:42.000000,458,0.9438152540292268,0,-0.11,-0.22,-0.11
2024-01-24 01:30:42.000000,452,0.9457453420900016,0,-0.11,-0.22,-0.11
2024-01-24 01:30:42.000000,257,0.7911322309867027,0,-0.11,-0.22,-0.11
2024-01-24 01:30:42.000000,257,0.7833359194717054,0,-0.11,-0.22,-0.11
2024-01-24 01:30:42.000000,447,0.9359417547739699,0,-0.11,-0.22,-0.11
2024-01-24 01:30:42.000000,257,0.7775418938251677,0,-0.11,-0.22,-0.11
2024-01-24 01:30:42.000000,448,0.9326457495363668,0,-0.11,-0.22,-0.11
2024-01-24 01:30:42.000000,353,0.9110091046762469,0,-0.11,-0.22,-0.11
2024-01-24 01:30:42.000000,257,0.77379674499668,0,-0.11,-0.22,-0.11
2024-01-24 01:30:42.000000,257,0.7661737883415829,0,-0.11,-0.22,-0.11
2024-01-24 01:34:42.000000,192,0.9614379339309728,0,-0.11,-0.22,-0.11
2024-01-24 01:34:44.000000,193,0.9559993972557056,0,-0.11,-0.22,-0.11
2024-01-24 01:34:46.000000,287,0.9689185359384632,0,-0.11,-0.22,-0.11
2024-01-24 01:38:26.000000,192,0.9466569976964712,0,-0.11,-0.22,-0.11
2024-01-24 01:38:28.000000,287,0.9594586828009228,0,-0.11,-0.22,-0.11
2024-01-24 01:38:28.000000,193,0.9415205963749425,0,-0.11,-0.22,-0.11
2024-01-24 01:38:52.000001,548,0.9709808618455592,1,1.0,1.0,1.0
2024-01-24 01:38:53.000000,549,0.962207487122491,1,0.999797977463256,0.9997979774632559,0.999797977463256
2024-01-24 01:38:53.000000,473,0.9723035599926388,1,0.9995929676092612,0.9995929676092612,0.9995929676092612
2024-01-24 01:38:53.000000,475,0.9715722737225116,1,0.999384926890614,0.999384926890614,0.9993849268906141
2024-01-24 01:38:53.000000,474,0.9617860776261816,1,0.9991738111438824,0.9991738111438824,0.9991738111438825
2024-01-24 01:38:53.000000,547,0.9640527753159466,1,0.9989595755814572,0.9989595755814572,0.9989595755814573
2024-01-24 01:38:54.000000,475,0.9566209893341244,1,0.99874217478331,0.99874217478331,0.9987421747833101
2024-01-24 01:38:54.000000,474,0.9471246108855814,1,0.9985215626886648,0.9985215626886648,0.9985215626886647
2024-01-24 01:38:54.000000,474,0.9379306294528456,1,0.9982976925875724,0.9982976925875724,0.9982976925875725
2024-01-24 01:38:54.000000,551,0.9675162858903246,1,0.9980705171123996,0.9980705171123996,0.9980705171123997
2024-01-24 01:38:54.000000,473,0.9447764017710659,1,0.9978399882292216,0.9978399882292216,0.9978399882292216
2024-01-24 01:38:54.000000,474,0.9240171560333086,1,0.9976060572291221,0.997606057229122,0.9976060572291219
2024-01-24 01:38:54.000000,550,0.9559029875188896,1,0.997368674719402,0.997368674719402,0.997368674719402
2024-01-24 01:38:54.000000,552,0.961022715498758,1,0.9971277906146958,0.9971277906146958,0.9971277906146958
2024-01-24 01:38:54.000000,476,0.957337238880797,1,0.99688335412799,0.99688335412799,0.9968833541279899
2024-01-24 01:38:54.000000,552,0.9518011031631056,1,0.9966353137615512,0.9966353137615512,0.9966353137615513
2024-01-24 01:38:54.000000,553,0.9561692489683652,1,0.9963836172977596,0.9963836172977596,0.9963836172977597
2024-01-24 01:38:54.000000,474,0.9167884959841232,1,0.9961282117898472,0.9961282117898472,0.9961282117898473
2024-01-24 01:38:54.000000,554,0.9625546029458836,1,0.9958690435525424,0.9958690435525424,0.9958690435525424
2024-01-24 01:38:54.000000,553,0.9416269978014068,1,0.9956060581526174,0.9956060581526174,0.9956060581526174
2024-01-24 01:38:54.000000,476,0.9481841675918302,1,0.9953392003993441,0.995339200399344,0.9953392003993441
2024-01-24 01:38:54.000000,476,0.9388883170787344,1,0.995068414334854,0.995068414334854,0.9950684143348539
2024-01-24 01:42:42.000000,192,0.939575384228893,1,0.9947936432244002,0.9947936432244002,0.9947936432244002
2024-01-24 01:42:45.000000,193,0.9343100378474052,1,0.9945148295465276,0.9945148295465276,0.9945148295465277
2024-01-24 01:42:47.000000,287,0.9550293648814936,1,0.9942319149831474,0.9942319149831474,0.9942319149831474
2024-01-24 01:46:07.000000,435,0.9136170504978128,1,0.9939448404095153,0.9939448404095153,0.9939448404095151
2024-01-24 01:46:07.000000,444,0.9425543634929441,1,0.9936535458841144,0.9936535458841144,0.9936535458841144
2024-01-24 01:46:07.000000,195,0.954062160066088,1,0.9933579706384452,0.9933579706384452,0.9933579706384453
2024-01-24 01:46:07.000000,189,0.9634362256341414,1,0.9930580530667208,0.9930580530667208,0.9930580530667207
2024-01-24 01:46:07.000000,431,0.954075005012428,1,0.9927537307154634,0.9927537307154634,0.9927537307154634
2024-01-24 01:46:07.000000,432,0.9414861618033199,1,0.9924449402730121,0.992444940273012,0.9924449402730119
2024-01-24 01:46:07.000000,433,0.9366978564727534,1,0.9921316175589334,0.9921316175589334,0.9921316175589334
2024-01-24 01:46:07.000000,434,0.9185668979438604,1,0.9918136975133393,0.9918136975133393,0.9918136975133391
2024-01-24 01:46:07.000000,435,0.9023788688451077,1,0.9914911141861108,0.9914911141861108,0.9914911141861108
2024-01-24 01:46:07.000000,436,0.9195238289972602,1,0.9911638007260312,0.9911638007260312,0.9911638007260312
2024-01-24 01:46:07.000000,256,0.8823569585146527,1,0.9908316893698234,0.9908316893698234,0.9908316893698234
2024-01-24 01:46:07.000000,437,0.9392722802111706,1,0.9904947114310982,0.9904947114310982,0.9904947114310982
2024-01-24 01:46:07.000000,438,0.9430690802973506,1,0.9901527972892123,0.9901527972892123,0.9901527972892123
2024-01-24 01:46:07.000000,439,0.9450226174642792,1,0.9898058763780341,0.989805876378034,0.9898058763780339
2024-01-24 01:46:07.000000,440,0.9492944635978006,1,0.9894538771746166,0.9894538771746166,0.9894538771746166
2024-01-24 01:46:07.000000,442,0.949639682860602,1,0.9890967271877908,0.9890967271877908,0.9890967271877907
2024-01-24 01:46:07.000000,435,0.8922747961644384,1,0.9887343529466616,0.9887343529466616,0.9887343529466616
2024-01-24 01:46:07.000000,245,0.9618960311350168,1,0.9883666799890216,0.9883666799890216,0.9883666799890217
2024-01-24 01:46:07.000000,443,0.933947021984268,1,0.9879936328496784,0.9879936328496784,0.9879936328496783
2024-01-24 01:46:07.000000,212,0.9613003937011424,1,0.9876151350486954,0.9876151350486954,0.9876151350486954
2024-01-24 01:46:07.000000,445,0.9424588159139264,1,0.9872311090795496,0.9872311090795496,0.9872311090795497
2024-01-24 01:46:08.000000,196,0.9541078855074056,1,0.9868414763972112,0.9868414763972112,0.9868414763972113
2024-01-24 01:46:08.000000,273,0.9533650231283336,1,0.9864461574061326,0.9864461574061326,0.9864461574061326
2024-01-24 01:46:08.000000,272,0.951373951713764,1,0.9860450714481678,0.9860450714481678,0.9860450714481678
2024-01-24 01:46:08.000000,257,0.8449578745889197,1,0.9856381367904078,0.9856381367904078,0.9856381367904078
2024-01-24 01:46:08.000000,274,0.9527354429961544,1,0.9852252706129404,0.9852252706129404,0.9852252706129403
2024-01-24 01:46:18.000000,257,0.8380779067812932,1,0.9848063889965372,0.9848063889965372,0.9848063889965373
2024-01-24 01:46:18.000000,446,0.9405073090615153,1,0.9843814069102648,0.9843814069102648,0.9843814069102649
2024-01-24 01:46:18.000000,352,0.9422275521159192,1,0.9839502381990264,0.9839502381990264,0.9839502381990263
2024-01-24 01:46:18.000000,266,0.9633661533548448,1,0.9835127955710352,0.9835127955710352,0.9835127955710352
2024-01-24 01:46:18.000000,353,0.9293327471143268,1,0.9830689905852178,0.9830689905852178,0.9830689905852178
2024-01-24 01:46:18.000000,353,0.9203201427782456,1,0.9826187336385556,0.9826187336385556,0.9826187336385557
2024-01-24 01:46:18.000000,353,0.9113976644855254,1,0.9821619339533628,0.9821619339533628,0.982161933953363
2024-01-24 01:46:18.000000,257,0.8377541004476875,1,0.9816984995645032,0.9816984995645032,0.9816984995645033
2024-01-24 01:46:18.000000,447,0.9396800826095666,1,0.9812283373065526,0.9812283373065526,0.9812283373065526
2024-01-24 01:46:18.000000,257,0.8308771529997279,1,0.9807513528009001,0.9807513528009,0.9807513528009001
2024-01-24 01:46:18.000000,448,0.9404854827243592,1,0.9802674504428074,0.9802674504428074,0.9802674504428074
2024-01-24 01:46:18.000000,257,0.8241713113560735,1,0.9797765333884084,0.9797765333884084,0.9797765333884085
2024-01-24 01:46:18.000000,449,0.943910125590021,1,0.9792785035416688,0.9792785035416688,0.9792785035416689
2024-01-24 01:46:18.000000,257,0.8176724669756128,1,0.9787732615413042,0.9787732615413042,0.978773261541304
2024-01-24 01:46:18.000000,257,0.8096107531007265,1,0.9782607067476504,0.9782607067476504,0.9782607067476504
2024-01-24 01:46:18.000000,451,0.9509870429445262,1,0.9777407372295114,0.9777407372295114,0.9777407372295114
2024-01-24 01:46:18.000000,257,0.8033875725512633,1,0.97721324975096,0.97721324975096,0.97721324975096
2024-01-24 01:46:18.000000,452,0.9509672903394124,1,0.9766781397581218,0.9766781397581218,0.9766781397581218
2024-01-24 01:46:18.000000,435,0.9056020642178396,1,0.9761353013659266,0.9761353013659266,0.9761353013659266
2024-01-24 01:46:18.000000,257,0.7990903644470911,1,0.9755846273448456,0.9755846273448456,0.9755846273448457
2024-01-24 01:46:18.000000,454,0.9552030257280664,1,0.9750260091076064,0.9750260091076064,0.9750260091076064
2024-01-24 01:46:18.000000,443,0.9368281695880272,1,0.9744593366959016,0.9744593366959016,0.9744593366959016
2024-01-24 01:46:18.000000,257,0.7949232742322362,1,0.9738844987670859,0.973884498767086,0.9738844987670859
2024-01-24 01:46:18.000000,455,0.9481778853623454,1,0.973301382580874,0.973301382580874,0.973301382580874
2024-01-24 01:46:18.000000,456,0.9468238329787184,1,0.9727098739860386,0.9727098739860386,0.9727098739860386
2024-01-24 01:46:18.000000,257,0.7907734708598708,1,0.9721098574071184,0.9721098574071184,0.9721098574071185
2024-01-24 01:46:18.000000,450,0.9408859219295024,1,0.9715012158311379,0.971501215831138,0.9715012158311379
2024-01-24 01:46:18.000000,458,0.9554011275302648,1,0.9708838307943451,0.9708838307943451,0.9708838307943451
2024-01-24 01:46:18.000000,457,0.9419102101736684,1,0.9702575823689754,0.9702575823689754,0.9702575823689754
2024-01-24 01:49:54.000000,192,0.9447201219961184,1,0.9696223491500444,0.9696223491500444,0.9696223491500445
2024-01-24 01:49:55.000000,193,0.9394470925757036,1,0.9689780082421784,0.9689780082421784,0.9689780082421785
2024-01-24 01:49:56.000000,287,0.9583513868285756,1,0.9683244352464859,0.968324435246486,0.9683244352464859
2024-01-24 01:51:54.000000,474,0.9379939318436352,1,0.9676615042474808,0.9676615042474809,0.967661504247481
2024-01-24 01:51:54.000000,552,0.9484949839045156,1,0.9669890878000604,0.9669890878000604,0.9669890878000605
2024-01-24 01:51:54.000000,476,0.9483701673992704,1,0.966307056916546,0.966307056916546,0.9663070569165461
2024-01-24 01:51:54.000000,553,0.9444867875786788,1,0.965615281053797,0.965615281053797,0.965615281053797
2024-01-24 01:51:54.000000,553,0.9352763493869726,1,0.9649136281003992,0.9649136281003992,0.9649136281003993
2024-01-24 01:51:54.000000,552,0.9287215594279564,1,0.9642019643639432,0.9642019643639432,0.9642019643639433
2024-01-24 01:51:54.000000,474,0.929926278816446,1,0.9634801545583924,0.9634801545583924,0.9634801545583923
2024-01-24 01:51:54.000000,554,0.9458985218825484,1,0.9627480617915564,0.9627480617915564,0.9627480617915565
2024-01-24 01:51:54.000000,474,0.9214426841858236,1,0.9620055475526738,0.9620055475526738,0.9620055475526738
2024-01-24 01:51:54.000000,476,0.9388977456827324,1,0.9612524717001136,0.9612524717001136,0.9612524717001136
2024-01-24 01:51:54.000000,474,0.9119480938392326,1,0.9604886924492084,0.9604886924492084,0.9604886924492085
2024-01-24 01:52:07.000000,474,0.90310587757696,1,0.95971406636022,0.95971406636022,0.95971406636022
2024-01-24 01:52:07.000000,476,0.92824159514228,1,0.9589284483264592,0.9589284483264592,0.9589284483264591
2024-01-24 01:52:07.000000,553,0.9190888848893828,1,0.9581316915625562,0.9581316915625562,0.9581316915625562
2024-01-24 01:52:07.000000,474,0.8947687584478444,1,0.9573236475929048,0.9573236475929048,0.9573236475929048
2024-01-24 01:52:07.000000,474,0.8860983355394858,1,0.9565041662402808,0.9565041662402809,0.956504166240281
2024-01-24 01:52:07.000000,476,0.9184944548285814,1,0.95567309561465,0.95567309561465,0.9556730956146501
2024-01-24 01:52:07.000000,553,0.9120698816745804,1,0.9548302821021778,0.9548302821021778,0.9548302821021778
2024-01-24 01:52:07.000000,554,0.9288062422134686,1,0.9539755703544476,0.9539755703544476,0.9539755703544476
2024-01-24 01:52:07.000000,474,0.879231140130727,1,0.9531088032779068,0.9531088032779068,0.9531088032779068
2024-01-24 01:52:07.000000,552,0.9134695866599074,1,0.9522298220235428,0.9522298220235428,0.9522298220235429
2024-01-24 01:52:07.000000,552,0.9044671604567032,1,0.9513384659768104,0.9513384659768104,0.9513384659768103
2024-01-24 01:52:27.000000,553,0.888904232287896,1,0.950434572747818,0.950434572747818,0.950434572747818
2024-01-24 01:52:27.000000,476,0.9122719495993764,1,0.9495179781617884,0.9495179781617884,0.9495179781617884
2024-01-24 01:52:27.000000,474,0.8735829519887715,1,0.948588516249807,0.948588516249807,0.948588516249807
2024-01-24 01:52:27.000000,474,0.8651243871450035,1,0.9476460192398662,0.9476460192398662,0.9476460192398662
2024-01-24 01:52:27.000000,553,0.8830733397586218,1,0.9466903175482324,0.9466903175482324,0.9466903175482324
2024-01-24 01:52:27.000000,552,0.8880866627204367,1,0.9457212397711352,0.9457212397711352,0.9457212397711353
2024-01-24 01:52:27.000000,476,0.9039190842587528,1,0.9447386126768048,0.9447386126768048,0.9447386126768049
2024-01-24 01:52:27.000000,474,0.8590412871519242,1,0.9437422611978667,0.9437422611978667,0.9437422611978669
2024-01-24 01:52:27.000000,474,0.8507281389565249,1,0.942732008424114,0.942732008424114,0.9427320084241139
2024-01-24 01:52:27.000000,552,0.8821544542286204,1,0.9417076755956648,0.9417076755956649,0.941707675595665
2024-01-24 01:52:27.000000,554,0.9112354322513052,1,0.9406690820965374,0.9406690820965374,0.9406690820965374
2024-01-24 01:52:35.000000,474,0.8451107946457355,1,0.9396160454486364,0.9396160454486364,0.9396160454486365
2024-01-24 01:52:35.000000,552,0.8743169927476182,1,0.9385483813061908,0.9385483813061908,0.9385483813061909
2024-01-24 01:52:35.000000,553,0.8598115052059139,1,0.9374659034506452,0.9374659034506451,0.937465903450645
2024-01-24 01:52:35.000000,474,0.8396451754526327,1,0.9363684237860268,0.9363684237860268,0.9363684237860269
2024-01-24 01:52:35.000000,476,0.8967390576339478,1,0.9352557523348141,0.935255752334814,0.9352557523348141
2024-01-24 01:52:35.000000,552,0.8632836292479549,1,0.9341276972343076,0.9341276972343076,0.9341276972343076
2024-01-24 01:52:35.000000,553,0.8493642720511375,1,0.932984064733546,0.9329840647335459,0.932984064733546
2024-01-24 01:52:35.000000,554,0.8936069443714699,1,0.9318246591907636,0.9318246591907636,0.9318246591907637
2024-01-24 01:52:35.000000,474,0.8359907895962161,1,0.9306492830714276,0.9306492830714276,0.9306492830714277
2024-01-24 01:52:35.000000,474,0.8279081463763737,1,0.9294577369468626,0.9294577369468626,0.9294577369468626
2024-01-24 01:52:35.000000,476,0.8898916261378884,1,0.9282498194934904,0.9282498194934904,0.9282498194934905
2024-01-24 01:52:51.000000,552,0.8539735965355594,1,0.9270253274927066,0.9270253274927066,0.9270253274927066
2024-01-24 01:52:51.000000,552,0.8455661302335986,1,0.9257840558314056,0.9257840558314056,0.9257840558314056
2024-01-24 01:52:51.000000,476,0.8830901814911518,1,0.9245257975031922,0.9245257975031922,0.9245257975031922
2024-01-24 01:52:51.000000,474,0.8236451038708659,1,0.9232503436102878,0.9232503436102878,0.9232503436102878
2024-01-24 01:52:51.000000,474,0.8156859175082768,1,0.9219574833661608,0.9219574833661608,0.9219574833661608
2024-01-24 01:52:51.000000,553,0.8362285021356639,1,0.9206470040989044,0.9206470040989044,0.9206470040989044
2024-01-24 01:52:51.000000,476,0.8751466496952887,1,0.9193186912553828,0.9193186912553828,0.9193186912553827
2024-01-24 01:52:51.000000,474,0.8099336115769268,1,0.9179723284061708,0.9179723284061709,0.917972328406171
2024-01-24 01:52:51.000000,474,0.8021115401372771,1,0.9166076972513154,0.9166076972513154,0.9166076972513154
2024-01-24 01:52:51.000000,553,0.8324732435505509,1,0.9152245776269357,0.9152245776269357,0.9152245776269355
2024-01-24 01:52:51.000000,554,0.8822846073962417,1,0.9138227475126908,0.9138227475126908,0.9138227475126907
2024-01-24 01:53:07.000000,476,0.8685467717189537,1,0.91240198304015,0.91240198304015,0.9124019830401499
2024-01-24 01:53:07.000000,474,0.7985304308163164,1,0.9109620585020712,0.9109620585020712,0.9109620585020711
2024-01-24 01:53:07.000000,552,0.8394777596138571,1,0.9095027463626332,0.9095027463626332,0.9095027463626331
2024-01-24 01:53:07.000000,553,0.8189776283907776,1,0.9080238172686388,0.9080238172686388,0.9080238172686389
2024-01-24 01:53:07.000000,474,0.7944482950093111,1,0.9065250400617204,0.9065250400617204,0.9065250400617205
2024-01-24 01:53:07.000000,553,0.8126439612858988,1,0.9050061817915676,0.9050061817915676,0.9050061817915676
2024-01-24 01:53:07.000000,554,0.8669500001142341,1,0.9034670077302146,0.9034670077302146,0.9034670077302146
2024-01-24 01:53:07.000000,476,0.8645566993073571,1,0.9019072813874132,0.9019072813874132,0.9019072813874132
2024-01-24 01:53:07.000000,474,0.79116914812274,1,0.9003267645271125,0.9003267645271125,0.9003267645271125
2024-01-24 01:53:07.000000,552,0.8273617063962709,1,0.8987252171850826,0.8987252171850826,0.8987252171850826
2024-01-24 01:53:07.000000,474,0.7854275950608473,1,0.8971023976877089,0.8971023976877089,0.8971023976877089
2024-01-24 01:53:16.000000,554,0.8618069840902137,1,0.8954580626719848,0.8954580626719848,0.8954580626719848
2024-01-24 01:53:16.000000,474,0.7798195242369612,1,0.8937919671067333,0.8937919671067333,0.8937919671067333
2024-01-24 01:53:16.000000,553,0.7995786066504301,1,0.8921038643150891,0.8921038643150891,0.8921038643150891
2024-01-24 01:53:16.000000,552,0.818396648362,1,0.8903935059982696,0.8903935059982696,0.8903935059982696
2024-01-24 01:53:16.000000,474,0.7762930799692056,1,0.8886606422606654,0.8886606422606654,0.8886606422606654
2024-01-24 01:53:16.000000,476,0.8607691405198841,1,0.8869050216362809,0.8869050216362809,0.8869050216362809
2024-01-24 01:53:16.000000,553,0.7916201264428413,1,0.8851263911165581,0.8851263911165581,0.8851263911165581
2024-01-24 01:53:16.000000,552,0.8094517104649976,1,0.8833244961796111,0.8833244961796111,0.8833244961796111
2024-01-24 01:53:16.000000,474,0.773733424420811,1,0.8814990808209041,0.8814990808209041,0.8814990808209041
2024-01-24 01:53:16.000000,474,0.7662733548527226,1,0.8796498875854069,0.8796498875854069,0.8796498875854069
2024-01-24 01:53:16.000000,476,0.8548922154917031,1,0.8777766576012529,0.8777766576012529,0.8777766576012529
2024-01-24 01:53:34.000000,554,0.8518040492887047,1,0.8758791306149394,0.8758791306149394,0.8758791306149394
2024-01-24 01:53:34.000000,553,0.7820019412581305,1,0.8739570450280909,0.8739570450280909,0.873957045028091
2024-01-24 01:53:34.000000,552,0.8030417428130051,1,0.8720101379358325,0.8720101379358325,0.8720101379358325
2024-01-24 01:53:34.000000,476,0.8503695448624068,1,0.8700381451667859,0.8700381451667859,0.870038145166786
2024-01-24 01:53:34.000000,474,0.7671200173611078,1,0.8680408013247385,0.8680408013247385,0.8680408013247385
2024-01-24 01:53:34.000000,474,0.7597260818636166,1,0.8660178398319999,0.8660178398319999,0.8660178398319999
2024-01-24 01:53:34.000000,553,0.7767199542897083,1,0.8639689929744929,0.8639689929744929,0.863968992974493
2024-01-24 01:53:34.000000,476,0.8437153367050564,1,0.8618939919485968,0.8618939919485968,0.8618939919485968
2024-01-24 01:53:34.000000,474,0.7556358390107488,1,0.8597925669097837,0.8597925669097837,0.8597925669097837
2024-01-24 01:53:34.000000,474,0.7483567452967611,1,0.8576644470230714,0.8576644470230714,0.8576644470230714
2024-01-24 01:53:34.000000,552,0.8017026002773483,1,0.8555093605153324,0.8555093605153324,0.8555093605153324
2024-01-24 01:53:36.000000,192,0.9530830563255258,1,0.8533270347294766,0.8533270347294766,0.8533270347294766
2024-01-24 01:53:38.000000,287,0.9642764455978006,1,0.8511171961805519,0.8511171961805519,0.851117196180552
2024-01-24 01:53:38.000000,193,0.9488004804552544,1,0.8488795706137812,0.8488795706137812,0.8488795706137812
2024-01-24 01:53:39.000000,474,0.750311398216462,1,0.8466138830645691,0.8466138830645691,0.846613883064569
2024-01-24 01:53:39.000000,474,0.743085548910417,1,0.8443198579205095,0.8443198579205095,0.8443198579205095
2024-01-24 01:53:39.000000,474,0.7359319580974328,1,0.8419972189854174,0.8419972189854174,0.8419972189854174
2024-01-24 01:53:39.000000,552,0.8041631368388492,1,0.839645689545417,0.839645689545417,0.839645689545417
2024-01-24 01:53:39.000000,553,0.7794209866984015,1,0.8372649924371082,0.8372649924371082,0.8372649924371082
2024-01-24 01:53:39.000000,474,0.7337090595286513,1,0.8348548501178414,0.8348548501178414,0.8348548501178414
2024-01-24 01:53:39.000000,476,0.8444751872897925,1,0.8324149847381276,0.8324149847381276,0.8324149847381276
2024-01-24 01:53:39.000000,552,0.795894115175876,1,0.8299451182162023,0.8299451182162023,0.8299451182162023
2024-01-24 01:53:39.000000,553,0.77214146073099,1,0.8274449723147739,0.8274449723147739,0.8274449723147739
2024-01-24 01:53:39.000000,554,0.8443491676108262,1,0.8249142687199741,0.8249142687199741,0.8249142687199741
2024-01-24 01:53:39.000000,476,0.8403616653531378,1,0.8223527291225378,0.8223527291225378,0.8223527291225378
2024-01-24 01:53:47.000000,554,0.8373798780958802,1,0.8197600753012267,0.8197600753012267,0.8197600753012267
2024-01-24 01:53:47.000000,553,0.7595477021459163,1,0.8171360292085244,0.8171360292085244,0.8171360292085244
2024-01-24 01:53:47.000000,552,0.7836450672417894,1,0.8144803130586129,0.8144803130586129,0.8144803130586129
2024-01-24 01:53:47.000000,476,0.8364115563761964,1,0.8117926494176558,0.8117926494176558,0.8117926494176558
2024-01-24 01:53:47.000000,474,0.7446373871805244,1,0.8090727612963996,0.8090727612963996,0.8090727612963996
2024-01-24 01:53:47.000000,474,0.737468277984839,1,0.8063203722451083,0.8063203722451083,0.8063203722451083
2024-01-24 01:53:47.000000,553,0.755366196315917,1,0.8035352064508485,0.8035352064508485,0.8035352064508485
2024-01-24 01:53:47.000000,552,0.7779775228475336,1,0.8007169888371286,0.8007169888371286,0.8007169888371286
2024-01-24 01:53:47.000000,476,0.8317766051220069,1,0.7978654451659111,0.7978654451659111,0.7978654451659111
2024-01-24 01:53:47.000000,474,0.7364153380405458,1,0.7949803021420019,0.7949803021420019,0.7949803021420019
2024-01-24 01:53:47.000000,474,0.7293284493362603,1,0.7920612875198224,0.7920612875198224,0.7920612875198224
2024-01-24 01:53:54.000000,554,0.8299989540785679,1,0.7891081302125713,0.7891081302125713,0.7891081302125713
2024-01-24 01:53:54.000000,553,0.7478683134927638,1,0.7861205604037785,0.7861205604037785,0.7861205604037785
2024-01-24 01:53:54.000000,552,0.7734085418492731,1,0.7830983096612526,0.7830983096612526,0.7830983096612526
2024-01-24 01:53:54.000000,476,0.828802490747563,1,0.7800411110534181,0.7800411110534181,0.7800411110534181
2024-01-24 01:53:54.000000,474,0.7310455982243909,1,0.7769486992680418,0.7769486992680418,0.7769486992680418
2024-01-24 01:53:54.000000,474,0.7240124069182672,1,0.7738208107333413,0.7738208107333413,0.7738208107333413
2024-01-24 01:53:54.000000,553,0.744259213917854,1,0.7706571837414699,0.7706571837414699,0.7706571837414699
2024-01-24 01:53:54.000000,552,0.7682426890537016,1,0.7674575585743628,0.7674575585743628,0.7674575585743628
2024-01-24 01:53:54.000000,476,0.8245404594201405,1,0.7642216776319366,0.7642216776319366,0.7642216776319366
2024-01-24 01:53:54.000000,474,0.723489681982922,1,0.7609492855626234,0.7609492855626234,0.7609492855626234
2024-01-24 01:53:54.000000,474,0.7165320498392127,1,0.7576401293962238,0.7576401293962238,0.7576401293962238
2024-01-24 01:54:00.000000,554,0.8233905304540915,1,0.7542939586790552,0.7542939586790552,0.7542939586790552
2024-01-24 01:54:00.000000,553,0.737411310045241,1,0.7509105256113747,0.7509105256113747,0.7509105256113747
2024-01-24 01:54:00.000000,552,0.7642433890746623,1,0.7474895851870458,0.7474895851870458,0.7474895851870458
2024-01-24 01:54:00.000000,476,0.8219898032110825,1,0.7440308953354254,0.7440308953354254,0.7440308953354254
2024-01-24 01:54:00.000000,474,0.7188763496281533,1,0.7405342170654315,0.7405342170654315,0.7405342170654315
2024-01-24 01:54:00.000000,553,0.7319018236107399,1,0.7369993146117582,0.7369993146117582,0.7369993146117582
2024-01-24 01:54:00.000000,552,0.7574318599499611,1,0.7334259555832049,0.7334259555832049,0.7334259555832049
2024-01-24 01:54:00.000000,476,0.8176471929598498,1,0.7298139111130655,0.7298139111130655,0.7298139111130655
2024-01-24 01:54:00.000000,474,0.7185560058429076,1,0.7261629560115413,0.7261629560115413,0.7261629560115413
2024-01-24 01:54:00.000000,474,0.7116477104605983,1,0.7224728689201254,0.7224728689201254,0.7224728689201254
2024-01-24 01:54:00.000000,474,0.7048084980321122,1,0.7187434324679027,0.7187434324679027,0.7187434324679027
2024-01-24 01:54:08.000000,474,0.6980376777279107,1,0.7149744334297157,0.7149744334297157,0.7149744334297157
2024-01-24 01:54:08.000000,474,0.6913345656267513,1,0.711165662886127,0.711165662886127,0.711165662886127
2024-01-24 01:54:08.000000,474,0.6846984846466041,1,0.7073169163851247,0.7073169163851247,0.7073169163851247
2024-01-24 01:54:08.000000,476,0.8124080064797563,1,0.7034279941054941,0.7034279941054941,0.7034279941054941
2024-01-24 01:54:08.000000,553,0.741103880472323,1,0.6994987010217896,0.6994987010217896,0.6994987010217896
2024-01-24 01:54:08.000000,474,0.6828482834949127,1,0.6955288470708301,0.6955288470708301,0.6955288470708301
2024-01-24 01:54:08.000000,554,0.8209947124250112,1,0.6915182473196357,0.6915182473196357,0.6915182473196357
2024-01-24 01:54:08.000000,553,0.7329492858150657,1,0.6874667221347299,0.6874667221347299,0.68746672213473
2024-01-24 01:54:08.000000,552,0.7629040852071417,1,0.6833740973527093,0.6833740973527093,0.6833740973527093
2024-01-24 01:54:08.000000,476,0.8117481807700057,1,0.6792402044519983,0.6792402044519983,0.6792402044519983
2024-01-24 01:54:08.000000,552,0.7576250336142926,1,0.6750648807256889,0.6750648807256889,0.675064880725689
2024-01-24 01:54:14.000000,474,0.6897032097180432,1,0.6708479694553671,0.6708479694553671,0.6708479694553671
2024-01-24 01:54:14.000000,554,0.8130101734697665,1,0.6665893200858212,0.6665893200858212,0.6665893200858212
2024-01-24 01:54:14.000000,553,0.7211145784439025,1,0.6622887884005266,0.6622887884005266,0.6622887884005266
2024-01-24 01:54:14.000000,476,0.8094261681063322,1,0.6579462366977911,0.6579462366977911,0.6579462366977911
2024-01-24 01:54:14.000000,474,0.6905512874801438,1,0.6535615339674469,0.6535615339674469,0.6535615339674469
2024-01-24 01:54:14.000000,474,0.6839230392814624,1,0.6491345560679703,0.6491345560679703,0.6491345560679703
2024-01-24 01:54:14.000000,553,0.7218952677568002,1,0.6446651859039005,0.6446651859039005,0.6446651859039005
2024-01-24 01:54:14.000000,552,0.7529701138939353,1,0.6401533136034321,0.6401533136034321,0.640153313603432
2024-01-24 01:54:14.000000,476,0.8061137693846784,1,0.6355988366960473,0.6355988366960473,0.6355988366960473
2024-01-24 01:54:14.000000,552,0.7478887483302187,1,0.6310016602900524,0.6310016602900524,0.6310016602900524
2024-01-24 01:54:14.000000,474,0.6878584163900997,1,0.6263616972498751,0.6263616972498751,0.6263616972498751
2024-01-24 01:54:20.000000,553,0.7138533898963338,1,0.6216788683729793,0.6216788683729793,0.6216788683729793
2024-01-24 01:54:20.000000,554,0.8024265004758955,1,0.6169531025662524,0.6169531025662524,0.6169531025662524
2024-01-24 01:54:20.000000,552,0.7406012816479337,1,0.6121843370217052,0.6121843370217052,0.6121843370217052
2024-01-24 01:54:20.000000,474,0.6899399299317848,1,0.6073725173913332,0.6073725173913332,0.6073725173913332
2024-01-24 01:54:20.000000,474,0.6833177953085863,1,0.6025175979609814,0.6025175979609814,0.6025175979609814
2024-01-24 01:54:20.000000,474,0.6767618820316202,1,0.5976195418230438,0.5976195418230438,0.5976195418230438
2024-01-24 01:54:20.000000,476,0.8073096293057408,1,0.5926783210478336,0.5926783210478336,0.5926783210478336
2024-01-24 01:54:20.000000,552,0.7428038879773331,1,0.5876939168534572,0.5876939168534572,0.5876939168534572
2024-01-24 01:54:20.000000,476,0.8012006288847571,1,0.5826663197740098,0.5826663197740098,0.5826663197740098
2024-01-24 01:54:20.000000,474,0.6769594902850797,1,0.5775955298259293,0.5775955298259293,0.5775955298259293
2024-01-24 01:54:20.000000,553,0.7137847211331757,1,0.5724815566723155,0.5724815566723155,0.5724815566723155
2024-01-24 01:54:24.000000,474,0.6734948191205433,1,0.5673244197850439,0.5673244197850439,0.5673244197850439
2024-01-24 01:54:24.000000,474,0.6670371356054581,1,0.5621241486044827,0.5621241486044827,0.5621241486044827
2024-01-24 01:54:24.000000,552,0.7415303755432257,1,0.5568807826966286,0.5568807826966286,0.5568807826966286
2024-01-24 01:54:24.000000,552,0.7342473414511885,1,0.5515943719074724,0.5515943719074724,0.5515943719074724
2024-01-24 01:54:24.000000,553,0.7059058725125334,1,0.546264976514404,0.546264976514404,0.546264976514404
2024-01-24 01:54:24.000000,554,0.8025163561171197,1,0.5408926673744606,0.5408926673744606,0.5408926673744606
2024-01-24 01:54:24.000000,476,0.8041294834591735,1,0.5354775260692293,0.5354775260692293,0.5354775260692293
2024-01-24 01:54:24.000000,474,0.6748063274824119,1,0.5300196450462001,0.5300196450462001,0.5300196450462001
2024-01-24 01:54:24.000000,474,0.6683355288837075,1,0.5245191277563837,0.5245191277563837,0.5245191277563837
2024-01-24 01:54:24.000000,553,0.7043766673471986,1,0.5189760887879841,0.5189760887879841,0.518976088787984
2024-01-24 01:54:24.000000,476,0.7992973182189551,1,0.5133906539959376,0.5133906539959376,0.5133906539959376
2024-01-24 01:54:27.000000,476,0.7914903361995881,1,0.5077629606271129,0.5077629606271129,0.5077629606271129
2024-01-24 01:54:27.000000,474,0.6688577071157952,1,0.5020931574409785,0.5020931574409785,0.5020931574409785
2024-01-24 01:54:27.000000,474,0.6624463947207571,1,0.4963814048255355,0.4963814048255355,0.4963814048255355
2024-01-24 01:54:27.000000,552,0.7388147802859188,1,0.4906278749083182,0.4906278749083182,0.4906278749083182
2024-01-24 01:54:27.000000,553,0.705436935128735,1,0.4848327516622696,0.4848327516622696,0.48483275166226963
2024-01-24 01:54:28.000000,474,0.6624060908698259,1,0.4789962310062887,0.4789962310062887,0.4789962310062887
2024-01-24 01:54:28.000000,474,0.6560592946372475,1,0.4731185209002619,0.4731185209002619,0.4731185209002619
2024-01-24 01:54:28.000000,476,0.7904027313644426,1,0.4671998414343827,0.4671998414343827,0.4671998414343827
2024-01-24 01:54:28.000000,554,0.8045635106277367,1,0.4612404249125681,0.4612404249125681,0.46124042491256806
2024-01-24 01:54:28.000000,553,0.7037608883672781,1,0.4552405159297884,0.4552405159297884,0.4552405159297884
2024-01-24 01:54:28.000000,552,0.7333545056143521,1,0.4492003714431167,0.4492003714431167,0.4492003714431167
2024-01-24 01:54:29.000001,554,0.7933384236436509,1,0.4431202608363277,0.4431202608363277,0.44312026083632766
2024-01-24 01:54:30.000000,474,0.6645354867324701,1,0.4370004659778548,0.4370004659778548,0.43700046597785475
2024-01-24 01:54:30.000000,474,0.6581673965412651,1,0.4308412812719401,0.4308412812719401,0.4308412812719401
2024-01-24 01:54:30.000000,476,0.7915647296523981,1,0.4246430137028019,0.4246430137028019,0.42464301370280194
2024-01-24 01:54:30.000000,552,0.7348121100663537,1,0.41840598287165537,0.41840598287165537,0.41840598287165537
2024-01-24 01:54:30.000000,553,0.6964293215641464,1,0.4121305210264254,0.4121305210264254,0.4121305210264254
2024-01-24 01:54:30.000000,474,0.6602624053384719,1,0.40581697308399395,0.405816973083994,0.40581697308399395
2024-01-24 01:54:30.000000,474,0.6539370459612067,1,0.3994656966448334,0.3994656966448334,0.3994656966448334
2024-01-24 01:54:30.000000,476,0.7890797412788246,1,0.3930770619998838,0.3930770619998838,0.3930770619998838
2024-01-24 01:54:30.000000,552,0.7317102588366873,1,0.3866514521295285,0.3866514521295285,0.3866514521295285
2024-01-24 01:54:30.000000,553,0.6951707064777362,1,0.3801892626945481,0.3801892626945481,0.3801892626945481
2024-01-24 01:54:30.000000,554,0.7900802528706957,1,0.3736909020189165,0.3736909020189165,0.3736909020189165
2024-01-24 01:54:30.000000,474,0.6593842062643294,1,0.3671567910643327,0.3671567910643327,0.3671567910643327
2024-01-24 01:54:30.000000,476,0.7878442450376187,1,0.3605873633963717,0.3605873633963717,0.3605873633963717
2024-01-24 01:54:30.000000,554,0.7860945651059804,1,0.3539830651421573,0.3539830651421573,0.3539830651421573
2024-01-24 01:54:30.000000,552,0.7289655876281713,1,0.3473443549394635,0.3473443549394635,0.3473443549394635
2024-01-24 01:54:30.000000,553,0.6855132154638452,1,0.3406717038771569,0.3406717038771569,0.3406717038771569
2024-01-24 01:54:30.000000,474,0.6645640600257644,1,0.33396559542691284,0.33396559542691284,0.33396559542691284
2024-01-24 01:54:30.000000,554,0.7773642572498382,1,0.3272265253661263,0.3272265253661263,0.3272265253661263
2024-01-24 01:54:30.000000,554,0.7697199252899294,1,0.32045500169197744,0.32045500169197744,0.32045500169197744
2024-01-24 01:54:30.000000,474,0.6644950081020523,1,0.3136515445265881,0.3136515445265881,0.3136515445265881
2024-01-24 01:54:30.000000,476,0.7909940615277491,1,0.30681668601324785,0.30681668601324785,0.30681668601324785
2024-01-24 01:54:30.000000,552,0.7288456091439833,1,0.2999509702036706,0.2999509702036706,0.2999509702036706
2024-01-24 01:54:30.000000,553,0.6793333310149285,1,0.2930549529362733,0.2930549529362733,0.2930549529362733
2024-01-24 01:54:30.000000,554,0.7635873171672797,1,0.28612920170546924,0.28612920170546924,0.28612920170546924
2024-01-24 01:54:30.000000,554,0.7560807546081962,1,0.27917429552198114,0.27917429552198114,0.27917429552198114
2024-01-24 01:54:30.000000,474,0.672477922263885,1,0.2721908247641889,0.2721908247641889,0.27219082476418893
2024-01-24 01:54:30.000000,553,0.6703900459231308,1,0.2651793910205449,0.2651793910205449,0.26517939102054494
2024-01-24 01:54:30.000000,554,0.7473911772101692,1,0.2581406069230897,0.2581406069230897,0.2581406069230897
2024-01-24 01:54:30.000000,476,0.7951162526196862,1,0.2510750959721207,0.2510750959721207,0.2510750959721207
2024-01-24 01:54:30.000000,474,0.674004894725271,1,0.2439834923520789,0.2439834923520789,0.24398349235207892
2024-01-24 01:54:30.000000,474,0.6675421104541379,1,0.23686644073872198,0.236866440738722,0.23686644073872198
2024-01-24 01:54:30.000000,552,0.7293685720339356,1,0.22972459609767226,0.22972459609767226,0.22972459609767226
2024-01-24 01:54:30.000000,476,0.7906155805936587,1,0.22255862347443486,0.22255862347443486,0.22255862347443486
2024-01-24 01:54:30.000000,552,0.7247568771532329,1,0.2153691977759957,0.2153691977759957,0.2153691977759957
2024-01-24 01:54:30.000000,474,0.6692521185319036,1,0.20815700354411648,0.20815700354411648,0.20815700354411648
2024-01-24 01:54:30.000000,474,0.6628368620227046,1,0.200922734720462,0.20092273472046202,0.200922734720462
2024-01-24 01:54:30.000000,476,0.7862682612517667,1,0.1936670944036992,0.1936670944036992,0.1936670944036992
2024-01-24 01:54:30.000000,552,0.7252614098310308,1,0.18639079459872665,0.18639079459872665,0.18639079459872665
2024-01-24 01:54:30.000000,553,0.6745573943461619,1,0.17909455595819398,0.17909455595819398,0.17909455595819398
2024-01-24 01:54:30.000000,554,0.7554126494639583,1,0.17177910751649544,0.17177910751649544,0.17177910751649544
2024-01-24 01:54:30.000000,474,0.6678478427847534,1,0.16444518641641964,0.16444518641641964,0.16444518641641964
2024-01-24 01:54:30.000000,474,0.6614466290330259,1,0.15709353762865785,0.15709353762865785,0.15709353762865783
2024-01-24 01:54:30.000000,553,0.671484225470011,1,0.14972491366437696,0.14972491366437696,0.14972491366437696
2024-01-24 01:54:30.000000,552,0.7182241552993178,1,0.1423400742810813,0.1423400742810813,0.1423400742810813
2024-01-24 01:54:30.000000,553,0.6623223276276782,1,0.13493978618198701,0.134939786181987,0.13493978618198701
2024-01-24 01:54:30.000000,474,0.6645539490072429,1,0.12752482270915436,0.12752482270915436,0.12752482270915436
2024-01-24 01:54:30.000000,474,0.6581856741932903,1,0.1200959635306232,0.1200959635306232,0.12009596353062321
2024-01-24 01:54:30.000000,476,0.7929102418710546,1,0.11265399432181175,0.11265399432181175,0.11265399432181175
2024-01-24 01:54:35.000000,144,0.9708370444379828,1,0.1051997064414446,0.1051997064414446,0.10519970644144461
2024-01-24 01:54:35.000000,199,0.971164481824228,1,0.0977338966022858,0.0977338966022858,0.09773389660228579
2024-01-24 01:54:35.000000,341,0.969460803825011,1,0.0902573665369627,0.0902573665369627,0.0902573665369627
2024-01-24 01:54:35.000000,143,0.9662284401102738,1,0.08277092265916727,0.08277092265916727,0.08277092265916727
2024-01-24 01:54:42.000000,341,0.9600422083302572,1,0.0752753757205381,0.0752753757205381,0.0752753757205381
2024-01-24 01:54:42.000000,342,0.9565168773817184,1,0.0677715404635272,0.0677715404635272,0.0677715404635272
2024-01-24 01:54:42.000000,342,0.9471733792208872,1,0.060260235270559626,0.060260235270559626,0.06026023527055962
2024-01-24 01:54:42.000000,143,0.9570360707431352,1,0.05274228180981096,0.05274228180981096,0.052742281809810956
2024-01-24 01:54:42.000000,199,0.9629963303865132,1,0.045218504677917125,0.045218504677917125,0.045218504677917125
2024-01-24 01:54:42.000000,144,0.9509972944186152,1,0.03768973103995199,0.03768973103995199,0.03768973103995199
2024-01-24 01:54:50.000000,144,0.9418174484795604,1,0.030156790266999214,0.030156790266999214,0.03015679026699921
2024-01-24 01:54:50.000000,143,0.9369711147285348,1,0.02262051357165772,0.02262051357165772,0.02262051357165772
2024-01-24 01:54:50.000000,341,0.9412452203044084,1,0.015081733641819757,0.015081733641819757,0.015081733641819757
2025-01-01 12:12:12.000000,0,0.9669258101276628,1,0.007541284273062514,0.007541284273062514,0.007541284273062514
