timestamp,value,anomaly_score,raw_score,label,S(t)_standard,S(t)_reward_low_FP_rate,S(t)_reward_low_FN_rate
2024-01-22 19:00:01.000000,176,0.030102999665900007,1.0,0,-0.11,-0.22,-0.11
2024-01-22 19:00:16.000000,432,0.030102999665900007,1.0,0,-0.11,-0.22,-0.11
2024-01-22 19:00:16.000000,434,0.030102999665900007,1.0,0,-0.11,-0.22,-0.11
2024-01-22 19:00:16.000000,433,0.030102999665900007,1.0,0,-0.11,-0.22,-0.11
2024-01-22 19:00:16.000000,431,0.030102999665900007,0.0,0,-0.11,-0.22,-0.11
2024-01-22 19:00:16.000000,195,0.030102999665900007,0.774999976158,0,-0.11,-0.22,-0.11
2024-01-22 19:00:16.000000,189,0.030102999665900007,0.925000011921,0,-0.11,-0.22,-0.11
2024-01-22 19:00:17.000000,245,0.030102999665900007,0.774999976158,0,-0.11,-0.22,-0.11
2024-01-22 19:00:17.000000,442,0.030102999665900007,1.0,0,-0.11,-0.22,-0.11
2024-01-22 19:00:17.000000,440,0.030102999665900007,0.17499999702,0,-0.11,-0.22,-0.11
2024-01-22 19:00:17.000000,437,0.030102999665900007,0.17499999702,0,-0.11,-0.22,-0.11
2024-01-22 19:00:17.000000,439,0.030102999665900007,0.0,0,-0.11,-0.22,-0.11
2024-01-22 19:00:17.000000,444,0.030102999665900007,0.0750000029802,0,-0.11,-0.22,-0.11
2024-01-22 19:00:17.000000,438,0.030102999665900007,0.0250000003725,0,-0.11,-0.22,-0.11
2024-01-22 19:00:17.000000,443,0.030102999665900007,0.0,0,-0.11,-0.22,-0.11
2024-01-22 19:00:17.000000,256,0.030102999665900007,0.375,0,-0.11,-0.22,-0.11
2024-01-22 19:00:17.000000,435,0.030102999665900007,0.20000000298,0,-0.11,-0.22,-0.11
2024-01-22 19:00:17.000000,435,0.030102999665900007,0.0,0,-0.11,-0.22,-0.11
2024-01-22 19:00:17.000000,435,0.030102999665900007,0.0,0,-0.11,-0.22,-0.11
2024-01-22 19:00:17.000000,445,0.030102999665900007,0.0500000007451,0,-0.11,-0.22,-0.11
2024-01-22 19:00:17.000000,436,0.030102999665900007,0.0,0,-0.11,-0.22,-0.11
2024-01-22 19:00:17.000000,212,0.030102999665900007,0.675000011921,0,-0.11,-0.22,-0.11
2024-01-22 19:00:18.000000,205,0.030102999665900007,0.949999988079,0,-0.11,-0.22,-0.11
2024-01-22 19:00:18.000000,204,0.030102999665900007,0.17499999702,0,-0.11,-0.22,-0.11
2024-01-22 19:00:18.000000,143,1.0,0.375,0,-0.11,-0.22,-0.11
2024-01-22 19:00:18.000000,203,0.030102999665900007,0.375,0,-0.11,-0.22,-0.11
2024-01-22 19:00:18.000000,197,0.030102999665900007,0.0,0,-0.11,-0.22,-0.11
2024-01-22 19:00:18.000000,144,0.030102999665900007,0.0500000007451,0,-0.11,-0.22,-0.11
2024-01-22 19:00:18.000000,143,0.030102999665900007,0.22499999404,0,-0.11,-0.22,-0.11
2024-01-22 19:00:20.000000,518,1.0,0.449999988079,0,-0.11,-0.22,-0.11
2024-01-22 19:00:20.000000,145,0.030102999665900007,0.774999976158,0,-0.11,-0.22,-0.11
2024-01-22 19:00:20.000000,143,0.030102999665900007,0.0,0,-0.11,-0.22,-0.11
2024-01-22 19:00:20.000000,143,0.030102999665900007,0.0,0,-0.11,-0.22,-0.11
2024-01-22 19:00:20.000000,198,0.030102999665900007,0.0,0,-0.11,-0.22,-0.11
2024-01-22 19:00:21.000000,273,0.030102999665900007,0.22499999404,0,-0.11,-0.22,-0.11
2024-01-22 19:00:21.000000,257,0.030102999665900007,0.15000000596,0,-0.11,-0.22,-0.11
2024-01-22 19:00:21.000000,272,0.030102999665900007,0.0500000007451,0,-0.11,-0.22,-0.11
2024-01-22 19:00:21.000000,274,0.030102999665900007,0.0500000007451,0,-0.11,-0.22,-0.11
2024-01-22 19:00:21.000000,196,0.030102999665900007,0.0,0,-0.11,-0.22,-0.11
2024-01-22 19:00:21.000000,198,0.030102999665900007,0.0,0,-0.11,-0.22,-0.11
2024-01-22 19:00:28.000000,143,0.030102999665900007,0.0,0,-0.11,-0.22,-0.11
2024-01-22 19:00:28.000000,197,0.030102999665900007,0.0,0,-0.11,-0.22,-0.11
2024-01-22 19:00:28.000000,145,0.030102999665900007,0.0,0,-0.11,-0.22,-0.11
2024-01-22 19:00:28.000000,144,0.030102999665900007,0.0,0,-0.11,-0.22,-0.11
2024-01-22 19:00:28.000000,143,0.030102999665900007,0.0,0,-0.11,-0.22,-0.11
2024-01-22 19:00:28.000000,143,0.030102999665900007,0.0,0,-0.11,-0.22,-0.11
2024-01-22 19:00:28.000000,205,0.030102999665900007,0.0250000003725,0,-0.11,-0.22,-0.11
2024-01-22 19:00:28.000000,204,0.030102999665900007,0.0,0,-0.11,-0.22,-0.11
2024-01-22 19:00:28.000000,203,0.030102999665900007,0.0250000003725,0,-0.11,-0.22,-0.11
2024-01-22 19:00:28.000000,200,0.030102999665900007,0.0,0,-0.11,-0.22,-0.11
2024-01-22 19:00:28.000000,143,0.030102999665900007,0.0,0,-0.11,-0.22,-0.11
2024-01-22 19:00:30.000000,200,0.030102999665900007,0.125,0,-0.11,-0.22,-0.11
2024-01-22 19:00:31.000000,257,0.030102999665900007,0.20000000298,0,-0.11,-0.22,-0.11
2024-01-22 19:00:31.000000,257,0.030102999665900007,0.10000000149,0,-0.11,-0.22,-0.11
2024-01-22 19:00:31.000000,451,0.030102999665900007,0.550000011921,0,-0.11,-0.22,-0.11
2024-01-22 19:00:31.000000,450,0.030102999665900007,0.0250000003725,0,-0.11,-0.22,-0.11
2024-01-22 19:00:31.000000,266,0.030102999665900007,0.649999976158,0,-0.11,-0.22,-0.11
2024-01-22 19:00:31.000000,353,0.030102999665900007,0.20000000298,0,-0.11,-0.22,-0.11
2024-01-22 19:00:31.000000,353,0.030102999665900007,0.725000023842,0,-0.11,-0.22,-0.11
2024-01-22 19:00:31.000000,353,0.030102999665900007,0.375,0,-0.11,-0.22,-0.11
2024-01-22 19:00:31.000000,257,0.030102999665900007,0.10000000149,0,-0.11,-0.22,-0.11
2024-01-22 19:00:31.000000,448,0.030102999665900007,0.0,0,-0.11,-0.22,-0.11
2024-01-22 19:00:31.000000,446,0.030102999665900007,0.0,0,-0.11,-0.22,-0.11
2024-01-22 19:00:31.000000,352,0.030102999665900007,0.324999988079,0,-0.11,-0.22,-0.11
2024-01-22 19:00:31.000000,257,0.030102999665900007,0.22499999404,0,-0.11,-0.22,-0.11
2024-01-22 19:00:31.000000,449,0.030102999665900007,0.0,0,-0.11,-0.22,-0.11
2024-01-22 19:00:31.000000,257,0.030102999665900007,0.0500000007451,0,-0.11,-0.22,-0.11
2024-01-22 19:00:31.000000,458,0.030102999665900007,0.0,0,-0.11,-0.22,-0.11
2024-01-22 19:00:31.000000,457,0.030102999665900007,0.0250000003725,0,-0.11,-0.22,-0.11
2024-01-22 19:00:31.000000,257,0.030102999665900007,0.0,0,-0.11,-0.22,-0.11
2024-01-22 19:00:31.000000,456,0.030102999665900007,0.0,0,-0.11,-0.22,-0.11
2024-01-22 19:00:31.000000,257,0.030102999665900007,0.27500000596,0,-0.11,-0.22,-0.11
2024-01-22 19:00:31.000000,257,0.030102999665900007,0.0500000007451,0,-0.11,-0.22,-0.11
2024-01-22 19:00:31.000000,257,0.030102999665900007,0.0500000007451,0,-0.11,-0.22,-0.11
2024-01-22 19:00:31.000000,455,0.030102999665900007,0.0,0,-0.11,-0.22,-0.11
2024-01-22 19:00:31.000000,435,0.030102999665900007,0.0500000007451,0,-0.11,-0.22,-0.11
2024-01-22 19:00:31.000000,257,0.030102999665900007,0.0,0,-0.11,-0.22,-0.11
2024-01-22 19:00:31.000000,452,0.030102999665900007,0.0,0,-0.11,-0.22,-0.11
2024-01-22 19:00:31.000000,443,0.030102999665900007,0.0,0,-0.11,-0.22,-0.11
2024-01-22 19:00:31.000000,454,0.030102999665900007,0.125,0,-0.11,-0.22,-0.11
2024-01-22 19:00:31.000000,447,0.030102999665900007,0.0,0,-0.11,-0.22,-0.11
2024-01-22 19:00:38.000000,203,0.030102999665900007,0.0500000007451,0,-0.11,-0.22,-0.11
2024-01-22 19:00:38.000000,204,0.030102999665900007,0.0,0,-0.11,-0.22,-0.11
2024-01-22 19:00:38.000000,201,0.030102999665900007,0.0,0,-0.11,-0.22,-0.11
2024-01-22 19:00:38.000000,143,0.030102999665900007,0.0,0,-0.11,-0.22,-0.11
2024-01-22 19:00:38.000000,143,0.030102999665900007,0.0,0,-0.11,-0.22,-0.11
2024-01-22 19:00:38.000000,145,0.030102999665900007,0.0,0,-0.11,-0.22,-0.11
2024-01-22 19:00:38.000000,144,0.030102999665900007,0.0,0,-0.11,-0.22,-0.11
2024-01-22 19:00:38.000000,143,0.030102999665900007,0.0,0,-0.11,-0.22,-0.11
2024-01-22 19:00:38.000000,143,0.030102999665900007,0.0,0,-0.11,-0.22,-0.11
2024-01-22 19:00:38.000000,197,0.030102999665900007,0.0,0,-0.11,-0.22,-0.11
2024-01-22 19:00:38.000000,205,0.030102999665900007,0.0,0,-0.11,-0.22,-0.11
2024-01-22 19:00:40.000000,201,0.030102999665900007,0.0,0,-0.11,-0.22,-0.11
2024-01-22 19:01:40.000000,143,0.030102999665900007,0.0,0,-0.11,-0.22,-0.11
2024-01-22 19:01:40.000000,144,0.030102999665900007,0.0,0,-0.11,-0.22,-0.11
2024-01-22 19:01:40.000000,342,0.030102999665900007,0.324999988079,0,-0.11,-0.22,-0.11
2024-01-22 19:01:40.000000,342,0.030102999665900007,0.0750000029802,0,-0.11,-0.22,-0.11
2024-01-22 19:01:40.000000,199,0.030102999665900007,0.20000000298,0,-0.11,-0.22,-0.11
2024-01-22 19:01:40.000000,341,0.030102999665900007,0.0,0,-0.11,-0.22,-0.11
2024-01-22 19:01:40.000000,199,0.030102999665900007,0.0500000007451,0,-0.11,-0.22,-0.11
2024-01-22 19:01:40.000000,143,0.030102999665900007,0.0,0,-0.11,-0.22,-0.11
2024-01-22 19:04:10.000000,192,0.030102999665900007,0.0,0,-0.11,-0.22,-0.11
2024-01-22 19:04:12.000000,193,0.030102999665900007,0.0,0,-0.11,-0.22,-0.11
2024-01-22 19:04:15.000000,287,0.030102999665900007,0.0250000003725,0,-0.11,-0.22,-0.11
2024-01-22 19:05:05.000000,143,0.030102999665900007,0.0,0,-0.11,-0.22,-0.11
2024-01-22 19:05:05.000000,145,0.030102999665900007,0.0,0,-0.11,-0.22,-0.11
2024-01-22 19:05:05.000000,143,0.030102999665900007,0.0,0,-0.11,-0.22,-0.11
2024-01-22 19:05:05.000000,143,0.030102999665900007,0.0,0,-0.11,-0.22,-0.11
2024-01-22 19:05:05.000000,143,0.030102999665900007,0.0,0,-0.11,-0.22,-0.11
2024-01-22 19:05:05.000000,144,0.030102999665900007,0.0,0,-0.11,-0.22,-0.11
2024-01-22 19:05:05.000000,198,0.030102999665900007,0.0500000007451,0,-0.11,-0.22,-0.11
2024-01-22 19:05:05.000000,197,0.030102999665900007,0.0,0,-0.11,-0.22,-0.11
2024-01-22 19:05:07.000000,198,0.030102999665900007,0.0,0,-0.11,-0.22,-0.11
2024-01-22 19:08:07.000000,192,0.030102999665900007,0.0,0,-0.11,-0.22,-0.11
2024-01-22 19:08:09.000000,193,0.030102999665900007,0.0,0,-0.11,-0.22,-0.11
2024-01-22 19:08:11.000000,287,0.030102999665900007,0.15000000596,0,-0.11,-0.22,-0.11
2024-01-22 19:08:29.000000,342,0.030102999665900007,0.0750000029802,0,-0.11,-0.22,-0.11
2024-01-22 19:08:29.000000,342,0.030102999665900007,0.300000011921,0,-0.11,-0.22,-0.11
2024-01-22 19:08:29.000000,199,0.030102999665900007,0.0750000029802,0,-0.11,-0.22,-0.11
2024-01-22 19:08:29.000000,341,0.030102999665900007,0.10000000149,0,-0.11,-0.22,-0.11
2024-01-22 19:08:29.000000,143,0.030102999665900007,0.0,0,-0.11,-0.22,-0.11
2024-01-22 19:08:29.000000,144,0.030102999665900007,0.0,0,-0.11,-0.22,-0.11
2024-01-22 19:11:38.000000,205,0.030102999665900007,0.0,0,-0.11,-0.22,-0.11
2024-01-22 19:11:38.000000,144,0.030102999665900007,0.0,0,-0.11,-0.22,-0.11
2024-01-22 19:11:38.000000,203,0.030102999665900007,0.0,0,-0.11,-0.22,-0.11
2024-01-22 19:11:38.000000,143,0.030102999665900007,0.0,0,-0.11,-0.22,-0.11
2024-01-22 19:11:38.000000,197,0.030102999665900007,0.0,0,-0.11,-0.22,-0.11
2024-01-22 19:11:38.000000,143,0.030102999665900007,0.0,0,-0.11,-0.22,-0.11
2024-01-22 19:11:38.000000,143,0.030102999665900007,0.0,0,-0.11,-0.22,-0.11
2024-01-22 19:11:38.000000,143,0.030102999665900007,0.0,0,-0.11,-0.22,-0.11
2024-01-22 19:11:38.000000,204,0.030102999665900007,0.0,0,-0.11,-0.22,-0.11
2024-01-22 19:11:38.000000,198,0.030102999665900007,0.0,0,-0.11,-0.22,-0.11
2024-01-22 19:11:38.000000,145,0.030102999665900007,0.0,0,-0.11,-0.22,-0.11
2024-01-22 19:11:39.000000,198,0.030102999665900007,0.0,0,-0.11,-0.22,-0.11
2024-01-22 19:11:47.000000,195,0.030102999665900007,0.0,0,-0.11,-0.22,-0.11
2024-01-22 19:11:47.000000,212,0.030102999665900007,0.0,0,-0.11,-0.22,-0.11
2024-01-22 19:11:47.000000,445,0.030102999665900007,0.449999988079,0,-0.11,-0.22,-0.11
2024-01-22 19:11:47.000000,444,0.030102999665900007,0.0250000003725,0,-0.11,-0.22,-0.11
2024-01-22 19:11:47.000000,443,0.030102999665900007,0.125,0,-0.11,-0.22,-0.11
2024-01-22 19:11:47.000000,245,0.030102999665900007,0.550000011921,0,-0.11,-0.22,-0.11
2024-01-22 19:11:47.000000,435,0.030102999665900007,0.0250000003725,0,-0.11,-0.22,-0.11
2024-01-22 19:11:47.000000,440,0.030102999665900007,0.0,0,-0.11,-0.22,-0.11
2024-01-22 19:11:47.000000,439,0.030102999665900007,0.0750000029802,0,-0.11,-0.22,-0.11
2024-01-22 19:11:47.000000,432,0.030102999665900007,0.10000000149,0,-0.11,-0.22,-0.11
2024-01-22 19:11:47.000000,442,0.030102999665900007,0.0500000007451,0,-0.11,-0.22,-0.11
2024-01-22 19:11:47.000000,256,0.030102999665900007,0.550000011921,0,-0.11,-0.22,-0.11
2024-01-22 19:11:47.000000,436,0.030102999665900007,0.0,0,-0.11,-0.22,-0.11
2024-01-22 19:11:47.000000,435,0.030102999665900007,0.0250000003725,0,-0.11,-0.22,-0.11
2024-01-22 19:11:47.000000,435,0.030102999665900007,0.0250000003725,0,-0.11,-0.22,-0.11
2024-01-22 19:11:47.000000,434,0.030102999665900007,0.10000000149,0,-0.11,-0.22,-0.11
2024-01-22 19:11:47.000000,433,0.0972172507186,0.10000000149,0,-0.11,-0.22,-0.11
2024-01-22 19:11:47.000000,189,0.218395205899,0.550000011921,0,-0.11,-0.22,-0.11
2024-01-22 19:11:47.000000,437,0.198410938107,0.0,0,-0.11,-0.22,-0.11
2024-01-22 19:11:47.000000,438,0.17349662908,0.0,0,-0.11,-0.22,-0.11
2024-01-22 19:11:47.000000,431,0.16177432781099998,0.0,0,-0.11,-0.22,-0.11
2024-01-22 19:11:48.000000,272,0.156095355398,0.524999976158,0,-0.11,-0.22,-0.11
2024-01-22 19:11:48.000000,273,0.156095355398,0.0,0,-0.11,-0.22,-0.11
2024-01-22 19:11:48.000000,257,0.150537222238,0.0,0,-0.11,-0.22,-0.11
2024-01-22 19:11:48.000000,196,0.145099427976,0.0,0,-0.11,-0.22,-0.11
2024-01-22 19:11:48.000000,274,0.124541116873,0.0,0,-0.11,-0.22,-0.11
2024-01-22 19:11:58.000000,257,0.114969730175,0.0500000007451,0,-0.11,-0.22,-0.11
2024-01-22 19:11:58.000000,257,0.0389490476497,0.0,0,-0.11,-0.22,-0.11
2024-01-22 19:11:58.000000,451,0.0413197910371,0.0250000003725,0,-0.11,-0.22,-0.11
2024-01-22 19:11:58.000000,452,0.0413197910371,0.0,0,-0.11,-0.22,-0.11
2024-01-22 19:11:58.000000,435,0.0413197910371,0.0,0,-0.11,-0.22,-0.11
2024-01-22 19:11:58.000000,257,0.0729411783386,0.0,0,-0.11,-0.22,-0.11
2024-01-22 19:11:58.000000,257,0.0729411783386,0.0,0,-0.11,-0.22,-0.11
2024-01-22 19:11:58.000000,443,0.0382715047081,0.300000011921,0,-0.11,-0.22,-0.11
2024-01-22 19:11:58.000000,450,0.0382715047081,0.0,0,-0.11,-0.22,-0.11
2024-01-22 19:11:58.000000,455,0.0303895807802,0.10000000149,0,-0.11,-0.22,-0.11
2024-01-22 19:11:58.000000,456,0.0344876900619,0.10000000149,0,-0.11,-0.22,-0.11
2024-01-22 19:11:58.000000,454,0.0413197950008,0.0750000029802,0,-0.11,-0.22,-0.11
2024-01-22 19:11:58.000000,257,0.105863593399,0.5,0,-0.11,-0.22,-0.11
2024-01-22 19:11:58.000000,448,0.105863593399,0.0,0,-0.11,-0.22,-0.11
2024-01-22 19:11:58.000000,257,0.150537226744,0.22499999404,0,-0.11,-0.22,-0.11
2024-01-22 19:11:58.000000,257,0.150537226744,0.0,0,-0.11,-0.22,-0.11
2024-01-22 19:11:58.000000,257,0.156095360003,0.0250000003725,0,-0.11,-0.22,-0.11
2024-01-22 19:11:58.000000,447,0.173496622394,0.375,0,-0.11,-0.22,-0.11
2024-01-22 19:11:58.000000,257,0.191997609215,0.0750000029802,0,-0.11,-0.22,-0.11
2024-01-22 19:11:58.000000,353,0.173496622839,0.0250000003725,0,-0.11,-0.22,-0.11
2024-01-22 19:11:58.000000,353,0.150537224286,0.0,0,-0.11,-0.22,-0.11
2024-01-22 19:11:58.000000,353,0.13458279346,0.0,0,-0.11,-0.22,-0.11
2024-01-22 19:11:58.000000,266,0.0546307960709,0.0,0,-0.11,-0.22,-0.11
2024-01-22 19:11:58.000000,352,0.0638296240091,0.0750000029802,0,-0.11,-0.22,-0.11
2024-01-22 19:11:58.000000,446,0.0389490504196,0.0,0,-0.11,-0.22,-0.11
2024-01-22 19:11:58.000000,449,0.0389490504196,0.0,0,-0.11,-0.22,-0.11
2024-01-22 19:11:58.000000,257,0.0366721823622,0.0,0,-0.11,-0.22,-0.11
2024-01-22 19:11:58.000000,458,0.059749450882699985,0.0,0,-0.11,-0.22,-0.11
2024-01-22 19:11:58.000000,457,0.0694836829005,0.0,0,-0.11,-0.22,-0.11
2024-01-22 19:14:21.000000,209,0.05974945111269999,0.10000000149,0,-0.11,-0.22,-0.11
2024-01-22 19:14:21.000000,210,0.05974945111269999,0.0,0,-0.11,-0.22,-0.11
2024-01-22 19:14:21.000000,211,0.05974945111269999,0.0,0,-0.11,-0.22,-0.11
2024-01-22 19:15:08.000000,245,0.05974945111269999,0.0,0,-0.11,-0.22,-0.11
2024-01-22 19:15:08.000000,257,0.0694836831541,0.0,0,-0.11,-0.22,-0.11
2024-01-22 19:15:08.000000,431,0.06613325463639999,0.0250000003725,0,-0.11,-0.22,-0.11
2024-01-22 19:15:08.000000,432,0.06613325463639999,0.0,0,-0.11,-0.22,-0.11
2024-01-22 19:15:08.000000,212,0.0628888659779,0.0250000003725,0,-0.11,-0.22,-0.11
2024-01-22 19:15:08.000000,433,0.0628888659779,0.0,0,-0.11,-0.22,-0.11
2024-01-22 19:15:08.000000,434,0.0628888659779,0.0,0,-0.11,-0.22,-0.11
2024-01-22 19:15:08.000000,443,0.0765067291656,0.0,0,-0.11,-0.22,-0.11
2024-01-22 19:15:08.000000,435,0.0853234175812,0.0,0,-0.11,-0.22,-0.11
2024-01-22 19:15:08.000000,436,0.0784798550402,0.0500000007451,0,-0.11,-0.22,-0.11
2024-01-22 19:15:08.000000,445,0.0658646452739,0.10000000149,0,-0.11,-0.22,-0.11
2024-01-22 19:15:08.000000,437,0.0573180079958,0.0750000029802,0,-0.11,-0.22,-0.11
2024-01-22 19:15:08.000000,438,0.0520437550785,0.0750000029802,0,-0.11,-0.22,-0.11
2024-01-22 19:15:08.000000,439,0.0520437550785,0.0,0,-0.11,-0.22,-0.11
2024-01-22 19:15:08.000000,440,0.0546391052668,0.0,0,-0.11,-0.22,-0.11
2024-01-22 19:15:08.000000,442,0.0546391052668,0.0,0,-0.11,-0.22,-0.11
2024-01-22 19:15:08.000000,435,0.0546391052668,0.0,0,-0.11,-0.22,-0.11
2024-01-22 19:15:08.000000,435,0.0546391052668,0.0,0,-0.11,-0.22,-0.11
2024-01-22 19:15:08.000000,256,0.044749820948800006,0.10000000149,0,-0.11,-0.22,-0.11
2024-01-22 19:15:08.000000,444,0.0495310524166,0.0,0,-0.11,-0.22,-0.11
2024-01-22 19:15:08.000000,274,0.0600813383512,0.0,0,-0.11,-0.22,-0.11
2024-01-22 19:15:08.000000,189,0.0688862329645,0.0,0,-0.11,-0.22,-0.11
2024-01-22 19:15:08.000000,196,0.0784798550402,0.0,0,-0.11,-0.22,-0.11
2024-01-22 19:15:08.000000,273,0.0784798550402,0.0,0,-0.11,-0.22,-0.11
2024-01-22 19:15:08.000000,272,0.0784798550402,0.0,0,-0.11,-0.22,-0.11
2024-01-22 19:15:08.000000,195,0.0784798550402,0.0,0,-0.11,-0.22,-0.11
2024-01-22 19:15:13.000000,144,0.0784798550402,0.0,0,-0.11,-0.22,-0.11
2024-01-22 19:15:13.000000,342,0.0784798550402,0.0,0,-0.11,-0.22,-0.11
2024-01-22 19:15:13.000000,342,0.0658646452739,0.20000000298,0,-0.11,-0.22,-0.11
2024-01-22 19:15:13.000000,143,0.0629299446248,0.0250000003725,0,-0.11,-0.22,-0.11
2024-01-22 19:15:13.000000,143,0.0629299446248,0.0,0,-0.11,-0.22,-0.11
2024-01-22 19:15:13.000000,199,0.0629299446248,0.0,0,-0.11,-0.22,-0.11
2024-01-22 19:15:13.000000,341,0.0520437554591,0.10000000149,0,-0.11,-0.22,-0.11
2024-01-22 19:15:13.000000,199,0.0471000630546,0.0500000007451,0,-0.11,-0.22,-0.11
2024-01-22 19:15:18.000000,448,0.039398727659300005,0.324999988079,0,-0.11,-0.22,-0.11
2024-01-22 19:15:18.000000,452,0.039398727659300005,0.0,0,-0.11,-0.22,-0.11
2024-01-22 19:15:18.000000,257,0.039398727659300005,0.0,0,-0.11,-0.22,-0.11
2024-01-22 19:15:18.000000,451,0.0415580536251,0.0250000003725,0,-0.11,-0.22,-0.11
2024-01-22 19:15:18.000000,257,0.034173861806,0.0,0,-0.11,-0.22,-0.11
2024-01-22 19:15:18.000000,449,0.0361359405046,0.0,0,-0.11,-0.22,-0.11
2024-01-22 19:15:18.000000,257,0.0361359405046,0.0,0,-0.11,-0.22,-0.11
2024-01-22 19:15:18.000000,257,0.0361359405046,0.0,0,-0.11,-0.22,-0.11
2024-01-22 19:15:18.000000,257,0.0424793330426,0.0250000003725,0,-0.11,-0.22,-0.11
2024-01-22 19:15:18.000000,450,0.0447498228421,0.0250000003725,0,-0.11,-0.22,-0.11
2024-01-22 19:15:18.000000,447,0.0784798550402,0.0250000003725,0,-0.11,-0.22,-0.11
2024-01-22 19:15:18.000000,435,0.0784798550402,0.0,0,-0.11,-0.22,-0.11
2024-01-22 19:15:18.000000,353,0.0658646452739,0.10000000149,0,-0.11,-0.22,-0.11
2024-01-22 19:15:18.000000,353,0.0424793318791,0.25,0,-0.11,-0.22,-0.11
2024-01-22 19:15:18.000000,353,0.0381734665003,0.0500000007451,0,-0.11,-0.22,-0.11
2024-01-22 19:15:18.000000,266,0.0304713839126,0.10000000149,0,-0.11,-0.22,-0.11
2024-01-22 19:15:18.000000,352,0.0304713839126,0.0,0,-0.11,-0.22,-0.11
2024-01-22 19:15:18.000000,446,0.0304713839126,0.0,0,-0.11,-0.22,-0.11
2024-01-22 19:15:18.000000,458,0.0304713839126,0.0250000003725,0,-0.11,-0.22,-0.11
2024-01-22 19:15:18.000000,257,0.032286072672799995,0.0,0,-0.11,-0.22,-0.11
2024-01-22 19:15:18.000000,457,0.032286072672799995,0.0250000003725,0,-0.11,-0.22,-0.11
2024-01-22 19:15:18.000000,257,0.032286072672799995,0.0,0,-0.11,-0.22,-0.11
2024-01-22 19:15:18.000000,456,0.040287566662199986,0.0,0,-0.11,-0.22,-0.11
2024-01-22 19:15:18.000000,455,0.0658646452739,0.0,0,-0.11,-0.22,-0.11
2024-01-22 19:15:18.000000,257,0.07199547454699999,0.0,0,-0.11,-0.22,-0.11
2024-01-22 19:15:18.000000,443,0.0853234175812,0.0,0,-0.11,-0.22,-0.11
2024-01-22 19:15:18.000000,454,0.0853234175812,0.0,0,-0.11,-0.22,-0.11
2024-01-22 19:15:18.000000,257,0.0853234175812,0.0,0,-0.11,-0.22,-0.11
2024-01-22 19:15:18.000000,257,0.0888815487679,0.0,0,-0.11,-0.22,-0.11
2024-01-22 19:18:13.000000,143,0.0853234175812,0.0250000003725,0,-0.11,-0.22,-0.11
2024-01-22 19:18:13.000000,143,0.0888815487679,0.0,0,-0.11,-0.22,-0.11
2024-01-22 19:18:13.000000,144,0.0888815487679,0.0,0,-0.11,-0.22,-0.11
2024-01-22 19:18:13.000000,200,0.0888815487679,0.0,0,-0.11,-0.22,-0.11
2024-01-22 19:18:13.000000,197,0.0888815487679,0.0,0,-0.11,-0.22,-0.11
2024-01-22 19:18:13.000000,143,0.0888815487679,0.0,0,-0.11,-0.22,-0.11
2024-01-22 19:18:13.000000,143,0.0853234175812,0.0250000003725,0,-0.11,-0.22,-0.11
2024-01-22 19:18:13.000000,145,0.0853234175812,0.0,0,-0.11,-0.22,-0.11
2024-01-22 19:18:15.000000,200,0.0853234175812,0.0,0,-0.11,-0.22,-0.11
2024-01-22 19:19:24.000000,192,0.0853234175812,0.0,0,-0.11,-0.22,-0.11
2024-01-22 19:19:26.000000,193,0.0888815487679,0.0,0,-0.11,-0.22,-0.11
2024-01-22 19:19:27.000000,287,0.0853234175812,0.0250000003725,0,-0.11,-0.22,-0.11
2024-01-22 19:23:36.000000,438,0.0322860729487,0.5,0,-0.11,-0.22,-0.11
2024-01-22 19:23:36.000000,437,0.0304713841776,0.0250000003725,0,-0.11,-0.22,-0.11
2024-01-22 19:23:36.000000,256,0.0304713841776,0.0,0,-0.11,-0.22,-0.11
2024-01-22 19:23:36.000000,436,0.0304713841776,0.0,0,-0.11,-0.22,-0.11
2024-01-22 19:23:36.000000,440,0.0322860729487,0.0,0,-0.11,-0.22,-0.11
2024-01-22 19:23:36.000000,442,0.0322860729487,0.0,0,-0.11,-0.22,-0.11
2024-01-22 19:23:36.000000,435,0.0322860729487,0.0,0,-0.11,-0.22,-0.11
2024-01-22 19:23:36.000000,245,0.0304713841776,0.0250000003725,0,-0.11,-0.22,-0.11
2024-01-22 19:23:36.000000,443,0.0304713841776,0.0,0,-0.11,-0.22,-0.11
2024-01-22 19:23:36.000000,444,0.0322860729487,0.0,0,-0.11,-0.22,-0.11
2024-01-22 19:23:36.000000,445,0.0853234175812,0.0,0,-0.11,-0.22,-0.11
2024-01-22 19:23:36.000000,212,0.0888815487679,0.0,0,-0.11,-0.22,-0.11
2024-01-22 19:23:36.000000,257,0.0853234175812,0.0250000003725,0,-0.11,-0.22,-0.11
2024-01-22 19:23:36.000000,439,0.07199547454699999,0.10000000149,0,-0.11,-0.22,-0.11
2024-01-22 19:23:36.000000,274,0.07199547454699999,0.0,0,-0.11,-0.22,-0.11
2024-01-22 19:23:36.000000,435,0.07199547454699999,0.0,0,-0.11,-0.22,-0.11
2024-01-22 19:23:36.000000,435,0.07199547454699999,0.0,0,-0.11,-0.22,-0.11
2024-01-22 19:23:36.000000,196,0.075193109919,0.0,0,-0.11,-0.22,-0.11
2024-01-22 19:23:36.000000,195,0.0546391062492,0.17499999702,0,-0.11,-0.22,-0.11
2024-01-22 19:23:36.000000,273,0.0546391062492,0.0,0,-0.11,-0.22,-0.11
2024-01-22 19:23:36.000000,272,0.0520437560299,0.0250000003725,0,-0.11,-0.22,-0.11
2024-01-22 19:23:36.000000,189,0.0520437560299,0.0,0,-0.11,-0.22,-0.11
2024-01-22 19:23:36.000000,431,0.0520437560299,0.0250000003725,0,-0.11,-0.22,-0.11
2024-01-22 19:23:36.000000,432,0.0629299452711,0.0,0,-0.11,-0.22,-0.11
2024-01-22 19:23:36.000000,433,0.05731800880680001,0.0500000007451,0,-0.11,-0.22,-0.11
2024-01-22 19:23:36.000000,434,0.05731800880680001,0.0,0,-0.11,-0.22,-0.11
2024-01-22 19:23:46.000000,452,0.05731800880680001,0.0,0,-0.11,-0.22,-0.11
2024-01-22 19:23:46.000000,451,0.05731800880680001,0.0,0,-0.11,-0.22,-0.11
2024-01-22 19:23:46.000000,257,0.0658646452739,0.10000000149,0,-0.11,-0.22,-0.11
2024-01-22 19:23:46.000000,257,0.0658646452739,0.0,0,-0.11,-0.22,-0.11
2024-01-22 19:23:46.000000,435,0.06888623319289999,0.0,0,-0.11,-0.22,-0.11
2024-01-22 19:23:46.000000,257,0.06888623319289999,0.0,0,-0.11,-0.22,-0.11
2024-01-22 19:23:46.000000,454,0.07199547454699999,0.0,0,-0.11,-0.22,-0.11
2024-01-22 19:23:46.000000,443,0.06254765736080001,0.0,0,-0.11,-0.22,-0.11
2024-01-22 19:23:46.000000,450,0.0695721187438,0.0,0,-0.11,-0.22,-0.11
2024-01-22 19:23:46.000000,257,0.0695721187438,0.0,0,-0.11,-0.22,-0.11
2024-01-22 19:23:46.000000,455,0.0695721187438,0.0,0,-0.11,-0.22,-0.11
2024-01-22 19:23:46.000000,257,0.0695721187438,0.0,0,-0.11,-0.22,-0.11
2024-01-22 19:23:46.000000,257,0.0850920847792,0.0,0,-0.11,-0.22,-0.11
2024-01-22 19:23:46.000000,353,0.0810253071445,0.0250000003725,0,-0.11,-0.22,-0.11
2024-01-22 19:23:46.000000,257,0.0810253071445,0.0,0,-0.11,-0.22,-0.11
2024-01-22 19:23:46.000000,448,0.0810253071445,0.0,0,-0.11,-0.22,-0.11
2024-01-22 19:23:46.000000,257,0.0810253071445,0.0,0,-0.11,-0.22,-0.11
2024-01-22 19:23:46.000000,447,0.0810253071445,0.0,0,-0.11,-0.22,-0.11
2024-01-22 19:23:46.000000,257,0.0810253071445,0.0,0,-0.11,-0.22,-0.11
2024-01-22 19:23:46.000000,353,0.0810253071445,0.0,0,-0.11,-0.22,-0.11
2024-01-22 19:23:46.000000,353,0.0695721184731,0.0750000029802,0,-0.11,-0.22,-0.11
2024-01-22 19:23:46.000000,266,0.0695721184731,0.0,0,-0.11,-0.22,-0.11
2024-01-22 19:23:46.000000,352,0.0592149852942,0.0750000029802,0,-0.11,-0.22,-0.11
2024-01-22 19:23:46.000000,446,0.0625476568553,0.0,0,-0.11,-0.22,-0.11
2024-01-22 19:23:46.000000,456,0.0625476568553,0.0,0,-0.11,-0.22,-0.11
2024-01-22 19:23:46.000000,457,0.0592149852942,0.0250000003725,0,-0.11,-0.22,-0.11
2024-01-22 19:23:46.000000,449,0.0592149852942,0.0,0,-0.11,-0.22,-0.11
2024-01-22 19:23:46.000000,257,0.0592149852942,0.0,0,-0.11,-0.22,-0.11
2024-01-22 19:23:46.000000,458,0.0592149852942,0.0,0,-0.11,-0.22,-0.11
2024-01-22 19:27:54.000000,256,0.0560002387907,0.0250000003725,0,-0.11,-0.22,-0.11
2024-01-22 19:27:54.000000,436,0.0659996025473,0.0,0,-0.11,-0.22,-0.11
2024-01-22 19:27:54.000000,435,0.06254765710799999,0.0250000003725,0,-0.11,-0.22,-0.11
2024-01-22 19:27:54.000000,435,0.0732664512219,0.0,0,-0.11,-0.22,-0.11
2024-01-22 19:27:54.000000,434,0.0732664512219,0.0,0,-0.11,-0.22,-0.11
2024-01-22 19:27:54.000000,433,0.0732664512219,0.0,0,-0.11,-0.22,-0.11
2024-01-22 19:27:54.000000,432,0.0770837973906,0.0,0,-0.11,-0.22,-0.11
2024-01-22 19:27:54.000000,431,0.0770837973906,0.0,0,-0.11,-0.22,-0.11
2024-01-22 19:27:54.000000,189,0.0560002387907,0.15000000596,0,-0.11,-0.22,-0.11
2024-01-22 19:27:54.000000,440,0.0560002387907,0.0,0,-0.11,-0.22,-0.11
2024-01-22 19:27:54.000000,442,0.0592149852942,0.0,0,-0.11,-0.22,-0.11
2024-01-22 19:27:54.000000,435,0.0592149852942,0.0,0,-0.11,-0.22,-0.11
2024-01-22 19:27:54.000000,438,0.0625476568553,0.0,0,-0.11,-0.22,-0.11
2024-01-22 19:27:54.000000,245,0.0470492454135,0.125,0,-0.11,-0.22,-0.11
2024-01-22 19:27:54.000000,443,0.0470492454135,0.0,0,-0.11,-0.22,-0.11
2024-01-22 19:27:54.000000,444,0.0470492454135,0.0,0,-0.11,-0.22,-0.11
2024-01-22 19:27:54.000000,445,0.0470492454135,0.0,0,-0.11,-0.22,-0.11
2024-01-22 19:27:54.000000,212,0.0470492454135,0.0,0,-0.11,-0.22,-0.11
2024-01-22 19:27:54.000000,437,0.0659996030706,0.0,0,-0.11,-0.22,-0.11
2024-01-22 19:27:54.000000,439,0.0659996030706,0.0,0,-0.11,-0.22,-0.11
2024-01-22 19:27:54.000000,195,0.0659996030706,0.0,0,-0.11,-0.22,-0.11
2024-01-22 19:27:55.000000,196,0.0343472695734,0.27500000596,0,-0.11,-0.22,-0.11
2024-01-22 19:27:55.000000,257,0.0343472695734,0.0,0,-0.11,-0.22,-0.11
2024-01-22 19:27:55.000000,272,0.0470492454135,0.0,0,-0.11,-0.22,-0.11
2024-01-22 19:27:55.000000,274,0.0470492454135,0.0,0,-0.11,-0.22,-0.11
2024-01-22 19:27:55.000000,273,0.0470492454135,0.0,0,-0.11,-0.22,-0.11
2024-01-22 19:28:05.000000,454,0.0470492454135,0.0,0,-0.11,-0.22,-0.11
2024-01-22 19:28:05.000000,449,0.0470492454135,0.0,0,-0.11,-0.22,-0.11
2024-01-22 19:28:05.000000,257,0.0470492454135,0.0,0,-0.11,-0.22,-0.11
2024-01-22 19:28:05.000000,448,0.0470492454135,0.0,0,-0.11,-0.22,-0.11
2024-01-22 19:28:05.000000,257,0.0470492454135,0.0,0,-0.11,-0.22,-0.11
2024-01-22 19:28:05.000000,257,0.0850920847792,0.0,0,-0.11,-0.22,-0.11
2024-01-22 19:28:05.000000,257,0.0850920847792,0.0,0,-0.11,-0.22,-0.11
2024-01-22 19:28:05.000000,353,0.0850920847792,0.0,0,-0.11,-0.22,-0.11
2024-01-22 19:28:05.000000,353,0.0850920847792,0.0,0,-0.11,-0.22,-0.11
2024-01-22 19:28:05.000000,353,0.0732664509421,0.0750000029802,0,-0.11,-0.22,-0.11
2024-01-22 19:28:05.000000,266,0.0732664509421,0.0,0,-0.11,-0.22,-0.11
2024-01-22 19:28:05.000000,447,0.0732664509421,0.0,0,-0.11,-0.22,-0.11
2024-01-22 19:28:05.000000,352,0.0659996025473,0.0500000007451,0,-0.11,-0.22,-0.11
2024-01-22 19:28:05.000000,450,0.0659996025473,0.0,0,-0.11,-0.22,-0.11
2024-01-22 19:28:05.000000,451,0.0659996025473,0.0,0,-0.11,-0.22,-0.11
2024-01-22 19:28:05.000000,458,0.0659996025473,0.0,0,-0.11,-0.22,-0.11
2024-01-22 19:28:05.000000,457,0.0659996025473,0.0,0,-0.11,-0.22,-0.11
2024-01-22 19:28:05.000000,257,0.0659996025473,0.0,0,-0.11,-0.22,-0.11
2024-01-22 19:28:05.000000,257,0.0659996025473,0.0,0,-0.11,-0.22,-0.11
2024-01-22 19:28:05.000000,456,0.0770837973906,0.0,0,-0.11,-0.22,-0.11
2024-01-22 19:28:05.000000,257,0.0770837973906,0.0,0,-0.11,-0.22,-0.11
2024-01-22 19:28:05.000000,446,0.0770837973906,0.0,0,-0.11,-0.22,-0.11
2024-01-22 19:28:05.000000,257,0.0850920847792,0.0,0,-0.11,-0.22,-0.11
2024-01-22 19:28:05.000000,443,0.0850920847792,0.0,0,-0.11,-0.22,-0.11
2024-01-22 19:28:05.000000,257,0.0850920847792,0.0,0,-0.11,-0.22,-0.11
2024-01-22 19:28:05.000000,435,0.0850920847792,0.0,0,-0.11,-0.22,-0.11
2024-01-22 19:28:05.000000,452,0.0850920847792,0.0,0,-0.11,-0.22,-0.11
2024-01-22 19:28:05.000000,257,0.0850920847792,0.0,0,-0.11,-0.22,-0.11
2024-01-22 19:28:05.000000,455,0.0850920847792,0.0,0,-0.11,-0.22,-0.11
2024-01-22 19:32:11.000000,431,0.0850920847792,0.0,0,-0.11,-0.22,-0.11
2024-01-22 19:32:11.000000,434,0.0850920847792,0.0,0,-0.11,-0.22,-0.11
2024-01-22 19:32:11.000000,435,0.0850920847792,0.0,0,-0.11,-0.22,-0.11
2024-01-22 19:32:11.000000,435,0.0850920847792,0.0,0,-0.11,-0.22,-0.11
2024-01-22 19:32:11.000000,436,0.0850920847792,0.0,0,-0.11,-0.22,-0.11
2024-01-22 19:32:11.000000,256,0.0810253071445,0.0250000003725,0,-0.11,-0.22,-0.11
2024-01-22 19:32:11.000000,437,0.0810253071445,0.0,0,-0.11,-0.22,-0.11
2024-01-22 19:32:11.000000,438,0.0810253071445,0.0,0,-0.11,-0.22,-0.11
2024-01-22 19:32:11.000000,440,0.0810253071445,0.0,0,-0.11,-0.22,-0.11
2024-01-22 19:32:11.000000,442,0.0810253071445,0.0,0,-0.11,-0.22,-0.11
2024-01-22 19:32:11.000000,435,0.0810253071445,0.0,0,-0.11,-0.22,-0.11
2024-01-22 19:32:11.000000,443,0.0810253071445,0.0,0,-0.11,-0.22,-0.11
2024-01-22 19:32:11.000000,444,0.0810253071445,0.0,0,-0.11,-0.22,-0.11
2024-01-22 19:32:11.000000,445,0.0770837973906,0.0250000003725,0,-0.11,-0.22,-0.11
2024-01-22 19:32:11.000000,212,0.0592149860259,0.125,0,-0.11,-0.22,-0.11
2024-01-22 19:32:11.000000,257,0.06254765761350001,0.0,0,-0.11,-0.22,-0.11
2024-01-22 19:32:11.000000,433,0.06254765761350001,0.0,0,-0.11,-0.22,-0.11
2024-01-22 19:32:11.000000,439,0.06254765761350001,0.0,0,-0.11,-0.22,-0.11
2024-01-22 19:32:11.000000,432,0.06254765761350001,0.0,0,-0.11,-0.22,-0.11
2024-01-22 19:32:11.000000,245,0.06254765761350001,0.0,0,-0.11,-0.22,-0.11
2024-01-22 19:32:11.000000,272,0.06254765761350001,0.0,0,-0.11,-0.22,-0.11
2024-01-22 19:32:11.000000,273,0.06254765761350001,0.0,0,-0.11,-0.22,-0.11
2024-01-22 19:32:11.000000,274,0.06254765761350001,0.0,0,-0.11,-0.22,-0.11
2024-01-22 19:32:11.000000,189,0.0549112084187,0.0,0,-0.11,-0.22,-0.11
2024-01-22 19:32:11.000000,196,0.07359954166669999,0.0,0,-0.11,-0.22,-0.11
2024-01-22 19:32:11.000000,195,0.07359954166669999,0.0,0,-0.11,-0.22,-0.11
2024-01-22 19:32:22.000000,452,0.069577195045,0.0250000003725,0,-0.11,-0.22,-0.11
2024-01-22 19:32:22.000000,435,0.069577195045,0.0,0,-0.11,-0.22,-0.11
2024-01-22 19:32:22.000000,454,0.069577195045,0.0,0,-0.11,-0.22,-0.11
2024-01-22 19:32:22.000000,257,0.069577195045,0.0,0,-0.11,-0.22,-0.11
2024-01-22 19:32:22.000000,443,0.069577195045,0.0,0,-0.11,-0.22,-0.11
2024-01-22 19:32:22.000000,257,0.069577195045,0.0,0,-0.11,-0.22,-0.11
2024-01-22 19:32:22.000000,455,0.069577195045,0.0,0,-0.11,-0.22,-0.11
2024-01-22 19:32:22.000000,456,0.069577195045,0.0,0,-0.11,-0.22,-0.11
2024-01-22 19:32:22.000000,257,0.069577195045,0.0,0,-0.11,-0.22,-0.11
2024-01-22 19:32:22.000000,257,0.069577195045,0.0,0,-0.11,-0.22,-0.11
2024-01-22 19:32:22.000000,451,0.069577195045,0.0250000003725,0,-0.11,-0.22,-0.11
2024-01-22 19:32:22.000000,257,0.069577195045,0.0,0,-0.11,-0.22,-0.11
2024-01-22 19:32:22.000000,450,0.069577195045,0.0,0,-0.11,-0.22,-0.11
2024-01-22 19:32:22.000000,457,0.069577195045,0.0,0,-0.11,-0.22,-0.11
2024-01-22 19:32:22.000000,449,0.069577195045,0.0,0,-0.11,-0.22,-0.11
2024-01-22 19:32:22.000000,257,0.069577195045,0.0,0,-0.11,-0.22,-0.11
2024-01-22 19:32:22.000000,448,0.069577195045,0.0,0,-0.11,-0.22,-0.11
2024-01-22 19:32:22.000000,257,0.069577195045,0.0,0,-0.11,-0.22,-0.11
2024-01-22 19:32:22.000000,447,0.069577195045,0.0,0,-0.11,-0.22,-0.11
2024-01-22 19:32:22.000000,257,0.069577195045,0.0,0,-0.11,-0.22,-0.11
2024-01-22 19:32:22.000000,353,0.0656988279124,0.0500000007451,0,-0.11,-0.22,-0.11
2024-01-22 19:32:22.000000,353,0.0656988279124,0.0,0,-0.11,-0.22,-0.11
2024-01-22 19:32:22.000000,353,0.058367545818800014,0.0500000007451,0,-0.11,-0.22,-0.11
2024-01-22 19:32:22.000000,266,0.058367545818800014,0.0,0,-0.11,-0.22,-0.11
2024-01-22 19:32:22.000000,352,0.0515919997197,0.0500000007451,0,-0.11,-0.22,-0.11
2024-01-22 19:32:22.000000,446,0.04840801868030002,0.0250000003725,0,-0.11,-0.22,-0.11
2024-01-22 19:32:22.000000,257,0.04840801868030002,0.0,0,-0.11,-0.22,-0.11
2024-01-22 19:32:22.000000,458,0.04840801868030002,0.0,0,-0.11,-0.22,-0.11
2024-01-22 19:32:22.000000,257,0.04840801868030002,0.0,0,-0.11,-0.22,-0.11
2024-01-22 19:36:09.000000,274,0.04840801868030002,0.0,0,-0.11,-0.22,-0.11
2024-01-22 19:36:09.000000,196,0.054911208166300005,0.0,0,-0.11,-0.22,-0.11
2024-01-22 19:36:09.000000,189,0.054911208166300005,0.0,0,-0.11,-0.22,-0.11
2024-01-22 19:36:09.000000,272,0.061962836401699986,0.0,0,-0.11,-0.22,-0.11
2024-01-22 19:36:09.000000,195,0.061962836401699986,0.0,0,-0.11,-0.22,-0.11
2024-01-22 19:36:09.000000,273,0.069577195045,0.0,0,-0.11,-0.22,-0.11
2024-01-22 19:36:09.000000,438,0.07359954166669999,0.0,0,-0.11,-0.22,-0.11
2024-01-22 19:36:09.000000,433,0.07359954166669999,0.0,0,-0.11,-0.22,-0.11
2024-01-22 19:36:09.000000,434,0.07359954166669999,0.0,0,-0.11,-0.22,-0.11
2024-01-22 19:36:09.000000,435,0.07359954166669999,0.0,0,-0.11,-0.22,-0.11
2024-01-22 19:36:09.000000,435,0.07359954166669999,0.0,0,-0.11,-0.22,-0.11
2024-01-22 19:36:09.000000,436,0.07359954166669999,0.0,0,-0.11,-0.22,-0.11
2024-01-22 19:36:09.000000,256,0.07359954166669999,0.0,0,-0.11,-0.22,-0.11
2024-01-22 19:36:09.000000,437,0.07359954166669999,0.0,0,-0.11,-0.22,-0.11
2024-01-22 19:36:09.000000,432,0.07359954166669999,0.0,0,-0.11,-0.22,-0.11
2024-01-22 19:36:09.000000,439,0.07359954166669999,0.0,0,-0.11,-0.22,-0.11
2024-01-22 19:36:09.000000,442,0.07359954166669999,0.0,0,-0.11,-0.22,-0.11
2024-01-22 19:36:09.000000,435,0.07359954166669999,0.0,0,-0.11,-0.22,-0.11
2024-01-22 19:36:09.000000,245,0.07359954166669999,0.0,0,-0.11,-0.22,-0.11
2024-01-22 19:36:09.000000,443,0.07359954166669999,0.0,0,-0.11,-0.22,-0.11
2024-01-22 19:36:09.000000,444,0.07359954166669999,0.0,0,-0.11,-0.22,-0.11
2024-01-22 19:36:09.000000,445,0.07359954166669999,0.0,0,-0.11,-0.22,-0.11
2024-01-22 19:36:09.000000,212,0.07359954166669999,0.0,0,-0.11,-0.22,-0.11
2024-01-22 19:36:09.000000,257,0.07359954166669999,0.0,0,-0.11,-0.22,-0.11
2024-01-22 19:36:09.000000,440,0.07359954166669999,0.0,0,-0.11,-0.22,-0.11
2024-01-22 19:36:09.000000,431,0.07359954166669999,0.0,0,-0.11,-0.22,-0.11
2024-01-22 19:36:19.000000,449,0.07359954166669999,0.0,0,-0.11,-0.22,-0.11
2024-01-22 19:36:19.000000,257,0.07359954166669999,0.0,0,-0.11,-0.22,-0.11
2024-01-22 19:36:19.000000,446,0.07359954166669999,0.0,0,-0.11,-0.22,-0.11
2024-01-22 19:36:19.000000,266,0.07359954166669999,0.0,0,-0.11,-0.22,-0.11
2024-01-22 19:36:19.000000,257,0.07359954166669999,0.0,0,-0.11,-0.22,-0.11
2024-01-22 19:36:19.000000,448,0.069577195045,0.0250000003725,0,-0.11,-0.22,-0.11
2024-01-22 19:36:19.000000,450,0.069577195045,0.0,0,-0.11,-0.22,-0.11
2024-01-22 19:36:19.000000,257,0.069577195045,0.0,0,-0.11,-0.22,-0.11
2024-01-22 19:36:19.000000,451,0.069577195045,0.0,0,-0.11,-0.22,-0.11
2024-01-22 19:36:19.000000,257,0.069577195045,0.0,0,-0.11,-0.22,-0.11
2024-01-22 19:36:19.000000,452,0.069577195045,0.0,0,-0.11,-0.22,-0.11
2024-01-22 19:36:19.000000,435,0.069577195045,0.0,0,-0.11,-0.22,-0.11
2024-01-22 19:36:19.000000,454,0.069577195045,0.0,0,-0.11,-0.22,-0.11
2024-01-22 19:36:19.000000,443,0.069577195045,0.0,0,-0.11,-0.22,-0.11
2024-01-22 19:36:19.000000,352,0.061962836401699986,0.0500000007451,0,-0.11,-0.22,-0.11
2024-01-22 19:36:19.000000,447,0.061962836401699986,0.0250000003725,0,-0.11,-0.22,-0.11
2024-01-22 19:36:19.000000,455,0.061962836401699986,0.0,0,-0.11,-0.22,-0.11
2024-01-22 19:36:19.000000,456,0.061962836401699986,0.0,0,-0.11,-0.22,-0.11
2024-01-22 19:36:19.000000,257,0.061962836401699986,0.0,0,-0.11,-0.22,-0.11
2024-01-22 19:36:19.000000,257,0.061962836401699986,0.0,0,-0.11,-0.22,-0.11
2024-01-22 19:36:19.000000,457,0.061962836401699986,0.0,0,-0.11,-0.22,-0.11
2024-01-22 19:36:19.000000,458,0.061962836401699986,0.0,0,-0.11,-0.22,-0.11
2024-01-22 19:36:19.000000,257,0.061962836401699986,0.0,0,-0.11,-0.22,-0.11
2024-01-22 19:36:19.000000,353,0.0515919994774,0.0750000029802,0,-0.11,-0.22,-0.11
2024-01-22 19:36:19.000000,353,0.0453572827136,0.10000000149,0,-0.11,-0.22,-0.11
2024-01-22 19:36:19.000000,353,0.039647204481300005,0.0750000029802,0,-0.11,-0.22,-0.11
2024-01-22 19:36:19.000000,257,0.039647204481300005,0.0,0,-0.11,-0.22,-0.11
2024-01-22 19:36:19.000000,257,0.039647204481300005,0.0,0,-0.11,-0.22,-0.11
2024-01-22 19:36:19.000000,257,0.039647204481300005,0.0,0,-0.11,-0.22,-0.11
2024-01-22 19:39:37.000000,444,0.039647204481300005,0.0,0,-0.11,-0.22,-0.11
2024-01-22 19:39:37.000000,443,0.039647204481300005,0.0,0,-0.11,-0.22,-0.11
2024-01-22 19:39:37.000000,245,0.039647204481300005,0.0,0,-0.11,-0.22,-0.11
2024-01-22 19:39:37.000000,435,0.039647204481300005,0.0,0,-0.11,-0.22,-0.11
2024-01-22 19:39:37.000000,442,0.0484080184481,0.0,0,-0.11,-0.22,-0.11
2024-01-22 19:39:37.000000,440,0.0619628361286,0.0,0,-0.11,-0.22,-0.11
2024-01-22 19:39:37.000000,445,0.07359954166669999,0.0,0,-0.11,-0.22,-0.11
2024-01-22 19:39:37.000000,212,0.069577195045,0.0250000003725,0,-0.11,-0.22,-0.11
2024-01-22 19:39:37.000000,432,0.069577195045,0.0,0,-0.11,-0.22,-0.11
2024-01-22 19:39:37.000000,256,0.069577195045,0.0,0,-0.11,-0.22,-0.11
2024-01-22 19:39:37.000000,436,0.069577195045,0.0,0,-0.11,-0.22,-0.11
2024-01-22 19:39:37.000000,189,0.061962836401699986,0.0500000007451,0,-0.11,-0.22,-0.11
2024-01-22 19:39:37.000000,435,0.061962836401699986,0.0,0,-0.11,-0.22,-0.11
2024-01-22 19:39:37.000000,435,0.057664657717,0.0,0,-0.11,-0.22,-0.11
2024-01-22 19:39:37.000000,434,0.057664657717,0.0,0,-0.11,-0.22,-0.11
2024-01-22 19:39:37.000000,431,0.057664657717,0.0,0,-0.11,-0.22,-0.11
2024-01-22 19:39:37.000000,433,0.057664657717,0.0,0,-0.11,-0.22,-0.11
2024-01-22 19:39:37.000000,439,0.0614884364789,0.0,0,-0.11,-0.22,-0.11
2024-01-22 19:39:37.000000,438,0.0614884364789,0.0,0,-0.11,-0.22,-0.11
2024-01-22 19:39:37.000000,437,0.057664657717,0.0250000003725,0,-0.11,-0.22,-0.11
2024-01-22 19:39:37.000000,195,0.0379739707034,0.15000000596,0,-0.11,-0.22,-0.11
2024-01-22 19:39:38.000000,273,0.0439343994717,0.0,0,-0.11,-0.22,-0.11
2024-01-22 19:39:38.000000,272,0.0439343994717,0.0,0,-0.11,-0.22,-0.11
2024-01-22 19:39:38.000000,257,0.0439343994717,0.0,0,-0.11,-0.22,-0.11
2024-01-22 19:39:38.000000,274,0.0439343994717,0.0,0,-0.11,-0.22,-0.11
2024-01-22 19:39:38.000000,196,0.0439343994717,0.0,0,-0.11,-0.22,-0.11
2024-01-22 19:39:48.000000,448,0.0439343994717,0.0,0,-0.11,-0.22,-0.11
2024-01-22 19:39:48.000000,257,0.0439343994717,0.0,0,-0.11,-0.22,-0.11
2024-01-22 19:39:48.000000,443,0.0439343994717,0.0,0,-0.11,-0.22,-0.11
2024-01-22 19:39:48.000000,257,0.0471369618482,0.0,0,-0.11,-0.22,-0.11
2024-01-22 19:39:48.000000,455,0.06962092355499999,0.0,0,-0.11,-0.22,-0.11
2024-01-22 19:39:48.000000,456,0.06962092355499999,0.0,0,-0.11,-0.22,-0.11
2024-01-22 19:39:48.000000,257,0.06962092355499999,0.0,0,-0.11,-0.22,-0.11
2024-01-22 19:39:48.000000,257,0.06962092355499999,0.0,0,-0.11,-0.22,-0.11
2024-01-22 19:39:48.000000,457,0.06962092355499999,0.0,0,-0.11,-0.22,-0.11
2024-01-22 19:39:48.000000,458,0.06962092355499999,0.0,0,-0.11,-0.22,-0.11
2024-01-22 19:39:48.000000,257,0.06962092355499999,0.0,0,-0.11,-0.22,-0.11
2024-01-22 19:39:48.000000,447,0.06962092355499999,0.0,0,-0.11,-0.22,-0.11
2024-01-22 19:39:48.000000,257,0.06962092355499999,0.0,0,-0.11,-0.22,-0.11
2024-01-22 19:39:48.000000,353,0.06962092355499999,0.0,0,-0.11,-0.22,-0.11
2024-01-22 19:39:48.000000,450,0.06547317097330001,0.0250000003725,0,-0.11,-0.22,-0.11
2024-01-22 19:39:48.000000,257,0.06547317097330001,0.0,0,-0.11,-0.22,-0.11
2024-01-22 19:39:48.000000,451,0.06547317097330001,0.0,0,-0.11,-0.22,-0.11
2024-01-22 19:39:48.000000,257,0.06547317097330001,0.0,0,-0.11,-0.22,-0.11
2024-01-22 19:39:48.000000,452,0.06547317097330001,0.0,0,-0.11,-0.22,-0.11
2024-01-22 19:39:48.000000,435,0.06547317097330001,0.0,0,-0.11,-0.22,-0.11
2024-01-22 19:39:48.000000,257,0.06547317097330001,0.0,0,-0.11,-0.22,-0.11
2024-01-22 19:39:48.000000,454,0.06547317097330001,0.0,0,-0.11,-0.22,-0.11
2024-01-22 19:39:48.000000,446,0.06547317097330001,0.0,0,-0.11,-0.22,-0.11
2024-01-22 19:39:48.000000,352,0.06547317097330001,0.0,0,-0.11,-0.22,-0.11
2024-01-22 19:39:48.000000,266,0.06962092355499999,0.0,0,-0.11,-0.22,-0.11
2024-01-22 19:39:48.000000,353,0.0614884364789,0.0500000007451,0,-0.11,-0.22,-0.11
2024-01-22 19:39:48.000000,353,0.0614884364789,0.0,0,-0.11,-0.22,-0.11
2024-01-22 19:39:48.000000,257,0.0614884364789,0.0,0,-0.11,-0.22,-0.11
2024-01-22 19:39:48.000000,449,0.0614884364789,0.0,0,-0.11,-0.22,-0.11
2024-01-22 19:43:51.000000,192,0.0614884364789,0.0,0,-0.11,-0.22,-0.11
2024-01-22 19:43:52.000000,193,0.0539996756843,0.0500000007451,0,-0.11,-0.22,-0.11
2024-01-22 19:43:53.000000,287,0.0539996756843,0.0,0,-0.11,-0.22,-0.11
2024-01-22 19:47:41.000000,436,0.0539996756843,0.0,0,-0.11,-0.22,-0.11
2024-01-22 19:47:41.000000,431,0.0539996756843,0.0,0,-0.11,-0.22,-0.11
2024-01-22 19:47:41.000000,432,0.0539996756843,0.0,0,-0.11,-0.22,-0.11
2024-01-22 19:47:41.000000,433,0.0614884364789,0.0,0,-0.11,-0.22,-0.11
2024-01-22 19:47:41.000000,434,0.0614884364789,0.0,0,-0.11,-0.22,-0.11
2024-01-22 19:47:41.000000,195,0.0614884364789,0.0,0,-0.11,-0.22,-0.11
2024-01-22 19:47:41.000000,435,0.0614884364789,0.0,0,-0.11,-0.22,-0.11
2024-01-22 19:47:41.000000,435,0.0614884364789,0.0,0,-0.11,-0.22,-0.11
2024-01-22 19:47:41.000000,256,0.06962092355499999,0.0,0,-0.11,-0.22,-0.11
2024-01-22 19:47:41.000000,245,0.06962092355499999,0.0,0,-0.11,-0.22,-0.11
2024-01-22 19:47:41.000000,438,0.0408809672105,0.40000000596,0,-0.11,-0.22,-0.11
2024-01-22 19:47:41.000000,439,0.0408809672105,0.0,0,-0.11,-0.22,-0.11
2024-01-22 19:47:41.000000,440,0.0408809672105,0.0,0,-0.11,-0.22,-0.11
2024-01-22 19:47:41.000000,442,0.0408809672105,0.0,0,-0.11,-0.22,-0.11
2024-01-22 19:47:41.000000,435,0.0408809672105,0.0,0,-0.11,-0.22,-0.11
2024-01-22 19:47:41.000000,443,0.0408809672105,0.0,0,-0.11,-0.22,-0.11
2024-01-22 19:47:41.000000,444,0.0408809672105,0.0,0,-0.11,-0.22,-0.11
2024-01-22 19:47:41.000000,445,0.0408809672105,0.0,0,-0.11,-0.22,-0.11
2024-01-22 19:47:41.000000,212,0.047136963509,0.0500000007451,0,-0.11,-0.22,-0.11
2024-01-22 19:47:41.000000,437,0.047136963509,0.0,0,-0.11,-0.22,-0.11
2024-01-22 19:47:41.000000,189,0.0614884364789,0.0,0,-0.11,-0.22,-0.11
2024-01-22 19:47:42.000000,272,0.0614884364789,0.0,0,-0.11,-0.22,-0.11
2024-01-22 19:47:42.000000,257,0.0614884364789,0.0,0,-0.11,-0.22,-0.11
2024-01-22 19:47:42.000000,273,0.0614884364789,0.0,0,-0.11,-0.22,-0.11
2024-01-22 19:47:42.000000,274,0.0614884364789,0.0,0,-0.11,-0.22,-0.11
2024-01-22 19:47:42.000000,196,0.0614884364789,0.0,0,-0.11,-0.22,-0.11
2024-01-22 19:47:52.000000,257,0.0614884364789,0.0,0,-0.11,-0.22,-0.11
2024-01-22 19:47:52.000000,447,0.0614884364789,0.0,0,-0.11,-0.22,-0.11
2024-01-22 19:47:52.000000,257,0.06962092355499999,0.0,0,-0.11,-0.22,-0.11
2024-01-22 19:47:52.000000,353,0.06962092355499999,0.0,0,-0.11,-0.22,-0.11
2024-01-22 19:47:52.000000,353,0.06962092355499999,0.0,0,-0.11,-0.22,-0.11
2024-01-22 19:47:52.000000,352,0.06547317097330001,0.0250000003725,0,-0.11,-0.22,-0.11
2024-01-22 19:47:52.000000,448,0.06547317097330001,0.0,0,-0.11,-0.22,-0.11
2024-01-22 19:47:52.000000,257,0.06547317097330001,0.0,0,-0.11,-0.22,-0.11
2024-01-22 19:47:52.000000,449,0.06547317097330001,0.0,0,-0.11,-0.22,-0.11
2024-01-22 19:47:52.000000,257,0.06547317097330001,0.0,0,-0.11,-0.22,-0.11
2024-01-22 19:47:52.000000,446,0.06547317097330001,0.0,0,-0.11,-0.22,-0.11
2024-01-22 19:47:52.000000,353,0.057664657717,0.0500000007451,0,-0.11,-0.22,-0.11
2024-01-22 19:47:52.000000,266,0.057664657717,0.0,0,-0.11,-0.22,-0.11
2024-01-22 19:47:52.000000,257,0.057664657717,0.0,0,-0.11,-0.22,-0.11
2024-01-22 19:47:52.000000,451,0.057664657717,0.0,0,-0.11,-0.22,-0.11
2024-01-22 19:47:52.000000,257,0.0614884364789,0.0,0,-0.11,-0.22,-0.11
2024-01-22 19:47:52.000000,452,0.0614884364789,0.0,0,-0.11,-0.22,-0.11
2024-01-22 19:47:52.000000,435,0.0614884364789,0.0,0,-0.11,-0.22,-0.11
2024-01-22 19:47:52.000000,257,0.0614884364789,0.0,0,-0.11,-0.22,-0.11
2024-01-22 19:47:52.000000,454,0.0614884364789,0.0,0,-0.11,-0.22,-0.11
2024-01-22 19:47:52.000000,443,0.0614884364789,0.0,0,-0.11,-0.22,-0.11
2024-01-22 19:47:52.000000,257,0.06962092355499999,0.0,0,-0.11,-0.22,-0.11
2024-01-22 19:47:52.000000,455,0.06962092355499999,0.0,0,-0.11,-0.22,-0.11
2024-01-22 19:47:52.000000,456,0.06962092355499999,0.0,0,-0.11,-0.22,-0.11
2024-01-22 19:47:52.000000,257,0.06962092355499999,0.0,0,-0.11,-0.22,-0.11
2024-01-22 19:47:52.000000,458,0.06962092355499999,0.0,0,-0.11,-0.22,-0.11
2024-01-22 19:47:52.000000,450,0.06962092355499999,0.0,0,-0.11,-0.22,-0.11
2024-01-22 19:47:52.000000,457,0.06962092355499999,0.0,0,-0.11,-0.22,-0.11
2024-01-22 19:47:52.000000,257,0.06962092355499999,0.0,0,-0.11,-0.22,-0.11
2024-01-22 19:51:17.000000,434,0.0732000541885,0.0,0,-0.11,-0.22,-0.11
2024-01-22 19:51:17.000000,439,0.0732000541885,0.0,0,-0.11,-0.22,-0.11
2024-01-22 19:51:17.000000,433,0.0732000541885,0.0,0,-0.11,-0.22,-0.11
2024-01-22 19:51:17.000000,432,0.0732000541885,0.0,0,-0.11,-0.22,-0.11
2024-01-22 19:51:17.000000,431,0.0732000541885,0.0,0,-0.11,-0.22,-0.11
2024-01-22 19:51:17.000000,435,0.0732000541885,0.0,0,-0.11,-0.22,-0.11
2024-01-22 19:51:17.000000,436,0.0732000541885,0.0,0,-0.11,-0.22,-0.11
2024-01-22 19:51:17.000000,256,0.0732000541885,0.0,0,-0.11,-0.22,-0.11
2024-01-22 19:51:17.000000,437,0.0732000541885,0.0,0,-0.11,-0.22,-0.11
2024-01-22 19:51:17.000000,438,0.0732000541885,0.0,0,-0.11,-0.22,-0.11
2024-01-22 19:51:17.000000,435,0.0732000541885,0.0,0,-0.11,-0.22,-0.11
2024-01-22 19:51:17.000000,440,0.0732000541885,0.0,0,-0.11,-0.22,-0.11
2024-01-22 19:51:17.000000,274,0.0732000541885,0.0,0,-0.11,-0.22,-0.11
2024-01-22 19:51:17.000000,435,0.0732000541885,0.0,0,-0.11,-0.22,-0.11
2024-01-22 19:51:17.000000,245,0.0732000541885,0.0,0,-0.11,-0.22,-0.11
2024-01-22 19:51:17.000000,443,0.0732000541885,0.0,0,-0.11,-0.22,-0.11
2024-01-22 19:51:17.000000,445,0.0732000541885,0.0,0,-0.11,-0.22,-0.11
2024-01-22 19:51:17.000000,212,0.0642358971927,0.0500000007451,0,-0.11,-0.22,-0.11
2024-01-22 19:51:17.000000,257,0.0560144646261,0.0500000007451,0,-0.11,-0.22,-0.11
2024-01-22 19:51:17.000000,189,0.0560144646261,0.0,0,-0.11,-0.22,-0.11
2024-01-22 19:51:17.000000,272,0.0560144646261,0.0,0,-0.11,-0.22,-0.11
2024-01-22 19:51:17.000000,273,0.0560144646261,0.0,0,-0.11,-0.22,-0.11
2024-01-22 19:51:17.000000,195,0.0560144646261,0.0,0,-0.11,-0.22,-0.11
2024-01-22 19:51:17.000000,196,0.0560144646261,0.0,0,-0.11,-0.22,-0.11
2024-01-22 19:51:17.000000,442,0.0521757831789,0.0250000003725,0,-0.11,-0.22,-0.11
2024-01-22 19:51:17.000000,444,0.0521757831789,0.0,0,-0.11,-0.22,-0.11
2024-01-22 19:51:27.000000,443,0.0686238986246,0.449999988079,0,-0.11,-0.22,-0.11
2024-01-22 19:51:27.000000,352,0.0600336043515,0.0,0,-0.11,-0.22,-0.11
2024-01-22 19:51:27.000000,458,0.052175781726199986,0.0,0,-0.11,-0.22,-0.11
2024-01-22 19:51:27.000000,457,0.052175781726199986,0.0,0,-0.11,-0.22,-0.11
2024-01-22 19:51:27.000000,257,0.052175781726199986,0.0,0,-0.11,-0.22,-0.11
2024-01-22 19:51:27.000000,257,0.052175781726199986,0.0,0,-0.11,-0.22,-0.11
2024-01-22 19:51:27.000000,456,0.056014463104099986,0.0250000003725,0,-0.11,-0.22,-0.11
2024-01-22 19:51:27.000000,455,0.056014463104099986,0.0,0,-0.11,-0.22,-0.11
2024-01-22 19:51:27.000000,257,0.052175781726199986,0.0,0,-0.11,-0.22,-0.11
2024-01-22 19:51:27.000000,454,0.052175781726199986,0.0,0,-0.11,-0.22,-0.11
2024-01-22 19:51:27.000000,257,0.0686239003609,0.0,0,-0.11,-0.22,-0.11
2024-01-22 19:51:27.000000,435,0.0686239003609,0.0,0,-0.11,-0.22,-0.11
2024-01-22 19:51:27.000000,452,0.0686239003609,0.0,0,-0.11,-0.22,-0.11
2024-01-22 19:51:27.000000,257,0.0686239003609,0.0,0,-0.11,-0.22,-0.11
2024-01-22 19:51:27.000000,451,0.0686239003609,0.0,0,-0.11,-0.22,-0.11
2024-01-22 19:51:27.000000,446,0.0686239003609,0.0,0,-0.11,-0.22,-0.11
2024-01-22 19:51:27.000000,450,0.0732000541885,0.0,0,-0.11,-0.22,-0.11
2024-01-22 19:51:27.000000,257,0.0732000541885,0.0,0,-0.11,-0.22,-0.11
2024-01-22 19:51:27.000000,449,0.0732000541885,0.0,0,-0.11,-0.22,-0.11
2024-01-22 19:51:27.000000,257,0.0732000541885,0.0,0,-0.11,-0.22,-0.11
2024-01-22 19:51:27.000000,448,0.0732000541885,0.0,0,-0.11,-0.22,-0.11
2024-01-22 19:51:27.000000,257,0.0732000541885,0.0,0,-0.11,-0.22,-0.11
2024-01-22 19:51:27.000000,257,0.0560144646261,0.10000000149,0,-0.11,-0.22,-0.11
2024-01-22 19:51:27.000000,447,0.0560144646261,0.0,0,-0.11,-0.22,-0.11
2024-01-22 19:51:27.000000,257,0.0560144646261,0.0,0,-0.11,-0.22,-0.11
2024-01-22 19:51:27.000000,353,0.0521757831789,0.0250000003725,0,-0.11,-0.22,-0.11
2024-01-22 19:51:27.000000,353,0.0521757831789,0.0,0,-0.11,-0.22,-0.11
2024-01-22 19:51:27.000000,353,0.0521757831789,0.0,0,-0.11,-0.22,-0.11
2024-01-22 19:51:27.000000,266,0.0521757831789,0.0,0,-0.11,-0.22,-0.11
2024-01-22 19:55:36.000000,192,0.0521757831789,0.0,0,-0.11,-0.22,-0.11
2024-01-22 19:55:38.000000,193,0.0521757831789,0.0,0,-0.11,-0.22,-0.11
2024-01-22 19:55:38.000000,287,0.0521757831789,0.0,0,-0.11,-0.22,-0.11
2024-01-22 19:59:22.000000,192,0.0686239003609,0.0,0,-0.11,-0.22,-0.11
2024-01-22 19:59:23.000000,193,0.0686239003609,0.0,0,-0.11,-0.22,-0.11
2024-01-22 19:59:24.000000,287,0.0642358971927,0.0250000003725,0,-0.11,-0.22,-0.11
2024-01-22 20:03:14.000000,443,0.0686239003609,0.0,0,-0.11,-0.22,-0.11
2024-01-22 20:03:14.000000,438,0.0686239003609,0.0,0,-0.11,-0.22,-0.11
2024-01-22 20:03:14.000000,444,0.0686239003609,0.0,0,-0.11,-0.22,-0.11
2024-01-22 20:03:14.000000,445,0.0686239003609,0.0,0,-0.11,-0.22,-0.11
2024-01-22 20:03:14.000000,212,0.0686239003609,0.0,0,-0.11,-0.22,-0.11
2024-01-22 20:03:14.000000,273,0.0686239003609,0.0,0,-0.11,-0.22,-0.11
2024-01-22 20:03:14.000000,257,0.0686239003609,0.0,0,-0.11,-0.22,-0.11
2024-01-22 20:03:14.000000,435,0.0686239003609,0.0,0,-0.11,-0.22,-0.11
2024-01-22 20:03:14.000000,442,0.0686239003609,0.0,0,-0.11,-0.22,-0.11
2024-01-22 20:03:14.000000,440,0.0732000541885,0.0,0,-0.11,-0.22,-0.11
2024-01-22 20:03:14.000000,439,0.0732000541885,0.0,0,-0.11,-0.22,-0.11
2024-01-22 20:03:14.000000,245,0.0732000541885,0.0,0,-0.11,-0.22,-0.11
2024-01-22 20:03:14.000000,437,0.0732000541885,0.0,0,-0.11,-0.22,-0.11
2024-01-22 20:03:14.000000,196,0.0560144646261,0.10000000149,0,-0.11,-0.22,-0.11
2024-01-22 20:03:14.000000,272,0.0560144646261,0.0,0,-0.11,-0.22,-0.11
2024-01-22 20:03:14.000000,256,0.0560144646261,0.0,0,-0.11,-0.22,-0.11
2024-01-22 20:03:14.000000,274,0.0560144646261,0.0,0,-0.11,-0.22,-0.11
2024-01-22 20:03:14.000000,435,0.0560144646261,0.0,0,-0.11,-0.22,-0.11
2024-01-22 20:03:14.000000,435,0.0560144646261,0.0,0,-0.11,-0.22,-0.11
2024-01-22 20:03:14.000000,434,0.0560144646261,0.0,0,-0.11,-0.22,-0.11
2024-01-22 20:03:14.000000,433,0.0560144646261,0.0,0,-0.11,-0.22,-0.11
2024-01-22 20:03:14.000000,432,0.0560144646261,0.0,0,-0.11,-0.22,-0.11
2024-01-22 20:03:14.000000,431,0.0560144646261,0.0,0,-0.11,-0.22,-0.11
2024-01-22 20:03:14.000000,195,0.0686239003609,0.0250000003725,0,-0.11,-0.22,-0.11
2024-01-22 20:03:14.000000,189,0.0686239003609,0.0,0,-0.11,-0.22,-0.11
2024-01-22 20:03:14.000000,436,0.0686239003609,0.0,0,-0.11,-0.22,-0.11
2024-01-22 20:03:24.000001,353,0.0686239003609,0.0,1,1.0,1.0,1.0
2024-01-22 20:03:25.000000,475,0.0686239003609,0.0,1,0.9998957792622916,0.9998957792622916,0.9998957792622915
2024-01-22 20:03:25.000000,474,0.0686239003609,0.0,1,0.9997907634040848,0.9997907634040848,0.9997907634040848
2024-01-22 20:03:25.000000,475,0.0686239003609,0.0,1,0.999684946443716,0.999684946443716,0.999684946443716
2024-01-22 20:03:25.000000,473,0.0686239003609,0.0,1,0.9995783223558246,0.9995783223558246,0.9995783223558246
2024-01-22 20:03:25.000000,549,1.0,0.10000000149,1,0.9994708850710524,0.9994708850710524,0.9994708850710523
2024-01-22 20:03:25.000000,548,0.0732000534229,0.47499999404,1,0.9993626284757454,0.9993626284757454,0.9993626284757454
2024-01-22 20:03:25.000000,547,0.189913183722,0.47499999404,1,0.9992535464116484,0.9992535464116484,0.9992535464116485
2024-01-22 20:03:25.000000,257,0.389113408309,0.47499999404,1,0.9991436326756036,0.9991436326756036,0.9991436326756037
2024-01-22 20:03:25.000000,476,0.389113408309,0.0,1,0.9990328810192421,0.999032881019242,0.9990328810192421
2024-01-22 20:03:25.000000,447,0.389113408309,0.0,1,0.9989212851486774,0.9989212851486774,0.9989212851486774
2024-01-22 20:03:25.000000,353,0.389113408309,0.0,1,0.998808838724196,0.9988088387241959,0.998808838724196
2024-01-22 20:03:25.000000,456,0.389113408309,0.0,1,0.9986955353599456,0.9986955353599456,0.9986955353599455
2024-01-22 20:03:25.000000,257,0.381682313244,0.0,1,0.9985813686236212,0.9985813686236212,0.9985813686236212
2024-01-22 20:03:25.000000,451,0.381682313244,0.0,1,0.9984663320361532,0.9984663320361532,0.9984663320361531
2024-01-22 20:03:25.000000,257,0.334093482114,0.0,1,0.9983504190713882,0.9983504190713882,0.9983504190713882
2024-01-22 20:03:25.000000,452,0.155787259378,0.0,1,0.9982336231557704,0.9982336231557704,0.9982336231557705
2024-01-22 20:03:25.000000,455,0.0518595316734,0.0,1,0.9981159376680246,0.9981159376680246,0.9981159376680246
2024-01-22 20:03:25.000000,435,0.07252528959410001,0.0,1,0.9979973559388302,0.9979973559388302,0.9979973559388302
2024-01-22 20:03:25.000000,257,0.07252528959410001,0.0,1,0.9978778712505006,0.9978778712505006,0.9978778712505006
2024-01-22 20:03:25.000000,454,0.07252528959410001,0.0,1,0.9977574768366558,0.9977574768366558,0.997757476836656
2024-01-22 20:03:25.000000,443,0.07252528959410001,0.0,1,0.997636165881898,0.997636165881898,0.9976361658818979
2024-01-22 20:03:25.000000,257,0.07252528959410001,0.0,1,0.997513931521477,0.997513931521477,0.997513931521477
2024-01-22 20:03:25.000000,450,0.07252528959410001,0.0,1,0.9973907668409658,0.9973907668409658,0.9973907668409658
2024-01-22 20:03:25.000000,353,0.0637187127375,0.0500000007451,1,0.997266664875923,0.997266664875923,0.997266664875923
2024-01-22 20:03:25.000000,257,0.0637187127375,0.0,1,0.9971416186115619,0.997141618611562,0.9971416186115619
2024-01-22 20:03:25.000000,449,0.0637187127375,0.0,1,0.9970156209824114,0.9970156209824114,0.9970156209824114
2024-01-22 20:03:25.000000,257,0.0637187127375,0.0,1,0.9968886648719796,0.9968886648719796,0.9968886648719796
2024-01-22 20:03:25.000000,448,0.0637187127375,0.0,1,0.9967607431124124,0.9967607431124124,0.9967607431124123
2024-01-22 20:03:25.000000,257,0.0637187127375,0.0,1,0.9966318484841542,0.9966318484841542,0.9966318484841542
2024-01-22 20:03:25.000000,257,0.0637187127375,0.0,1,0.9965019737156016,0.9965019737156016,0.9965019737156015
2024-01-22 20:03:25.000000,457,0.051859532003300006,0.0750000029802,1,0.9963711114827594,0.9963711114827594,0.9963711114827594
2024-01-22 20:03:25.000000,458,0.0384562640471,0.10000000149,1,0.9962392544088944,0.9962392544088944,0.9962392544088945
2024-01-22 20:03:25.000000,446,0.0384562640471,0.0,1,0.9961063950641852,0.9961063950641851,0.996106395064185
2024-01-22 20:03:25.000000,352,0.0448234260281,0.0,1,0.9959725259653692,0.9959725259653692,0.9959725259653693
2024-01-22 20:03:25.000000,266,0.0448234260281,0.0,1,0.9958376395753952,0.9958376395753952,0.9958376395753952
2024-01-22 20:03:25.000000,257,0.0448234260281,0.0,1,0.995701728303064,0.9957017283030641,0.995701728303064
2024-01-22 20:03:26.000000,550,0.0415577791595,0.22499999404,1,0.9955647845026752,0.9955647845026752,0.9955647845026752
2024-01-22 20:03:26.000000,473,0.07252528986760001,0.20000000298,1,0.995426800473666,0.9954268004736659,0.995426800473666
2024-01-22 20:03:26.000000,474,0.07252528986760001,0.0,1,0.995287768460256,0.995287768460256,0.9952877684602561
2024-01-22 20:03:26.000000,474,0.07252528986760001,0.0,1,0.9951476806510796,0.9951476806510796,0.9951476806510796
2024-01-22 20:03:26.000000,476,0.0595880463414,0.0,1,0.9950065291788264,0.9950065291788264,0.9950065291788265
2024-01-22 20:03:26.000000,552,0.0680303389727,0.15000000596,1,0.9948643061198754,0.9948643061198754,0.9948643061198754
2024-01-22 20:03:26.000000,553,0.109299192928,0.20000000298,1,0.9947210034939252,0.9947210034939252,0.9947210034939252
2024-01-22 20:03:26.000000,474,0.109299192928,0.0,1,0.9945766132636276,0.9945766132636276,0.9945766132636275
2024-01-22 20:03:26.000000,476,0.109299192928,0.0,1,0.9944311273342148,0.9944311273342148,0.9944311273342147
2024-01-22 20:03:26.000000,552,0.203712699225,0.324999988079,1,0.994284537553128,0.994284537553128,0.9942845375531281
2024-01-22 20:03:26.000000,553,0.459763077677,0.800000011921,1,0.9941368357096422,0.9941368357096422,0.9941368357096422
2024-01-22 20:03:26.000000,554,0.35744345739100003,0.0,1,0.9939880135344878,0.9939880135344878,0.9939880135344878
2024-01-22 20:03:26.000000,551,0.545944423088,0.34999999404,1,0.9938380626994772,0.9938380626994772,0.9938380626994773
2024-01-22 20:03:26.000000,474,0.299999996735,0.0,1,0.9936869748171192,0.9936869748171192,0.9936869748171191
2024-01-22 20:07:05.000000,435,0.299999996735,0.0250000003725,1,0.9935347414402396,0.9935347414402396,0.9935347414402396
2024-01-22 20:07:05.000000,436,0.47356238786,0.0,1,0.9933813540615992,0.9933813540615991,0.993381354061599
2024-01-22 20:07:05.000000,189,0.369451565152,0.0,1,0.993226804113504,0.993226804113504,0.993226804113504
2024-01-22 20:07:05.000000,272,0.369451565152,0.0,1,0.9930710829674216,0.9930710829674216,0.9930710829674217
2024-01-22 20:07:05.000000,273,0.369451565152,0.0,1,0.99291418193359,0.99291418193359,0.99291418193359
2024-01-22 20:07:05.000000,435,0.230543779265,0.0,1,0.9927560922606274,0.9927560922606274,0.9927560922606274
2024-01-22 20:07:05.000000,442,0.0384562640021,0.0,1,0.9925968051351388,0.9925968051351388,0.9925968051351388
2024-01-22 20:07:05.000000,434,0.0384562640021,0.0,1,0.9924363116813204,0.9924363116813204,0.9924363116813205
2024-01-22 20:07:05.000000,433,0.06803033838229999,0.0,1,0.9922746029605668,0.9922746029605668,0.9922746029605669
2024-01-22 20:07:05.000000,432,0.06803033838229999,0.0,1,0.9921116699710684,0.9921116699710684,0.9921116699710685
2024-01-22 20:07:05.000000,195,0.06803033838229999,0.0250000003725,1,0.9919475036474132,0.9919475036474132,0.9919475036474132
2024-01-22 20:07:05.000000,196,0.0637187127375,0.0250000003725,1,0.9917820948601868,0.9917820948601868,0.9917820948601868
2024-01-22 20:07:05.000000,274,0.0637187127375,0.0,1,0.9916154344155638,0.9916154344155638,0.9916154344155638
2024-01-22 20:07:05.000000,256,0.0637187127375,0.0,1,0.9914475130549082,0.9914475130549082,0.9914475130549082
2024-01-22 20:07:05.000000,431,0.0637187127375,0.0,1,0.9912783214543628,0.9912783214543628,0.9912783214543627
2024-01-22 20:07:05.000000,435,0.0637187127375,0.0,1,0.9911078502244408,0.9911078502244408,0.9911078502244407
2024-01-22 20:07:05.000000,437,0.0556358536555,0.449999988079,1,0.9909360899096148,0.9909360899096149,0.990936089909615
2024-01-22 20:07:05.000000,245,0.0556358536555,0.0,1,0.9907630309879064,0.9907630309879064,0.9907630309879063
2024-01-22 20:07:05.000000,438,0.0556358536555,0.0,1,0.990588663870468,0.990588663870468,0.9905886638704681
2024-01-22 20:07:05.000000,443,0.0556358536555,0.0,1,0.9904129789011712,0.9904129789011712,0.9904129789011712
2024-01-22 20:07:05.000000,440,0.0518595308488,0.0,1,0.9902359663561862,0.9902359663561862,0.9902359663561862
2024-01-22 20:07:05.000000,444,0.0482563428325,0.0,1,0.9900576164435628,0.9900576164435629,0.990057616443563
2024-01-22 20:07:05.000000,445,0.0482563428325,0.0,1,0.9898779193028108,0.9898779193028109,0.989877919302811
2024-01-22 20:07:05.000000,212,0.0595880451371,0.0750000029802,1,0.9896968650044752,0.9896968650044752,0.9896968650044752
2024-01-22 20:07:05.000000,257,0.0595880451371,0.0,1,0.9895144435497132,0.9895144435497131,0.989514443549713
2024-01-22 20:07:05.000000,439,0.07252528850039999,0.0750000029802,1,0.9893306448698648,0.9893306448698648,0.9893306448698648
2024-01-22 20:07:15.000000,457,0.0482563436712,0.0,1,0.98914545882603,0.98914545882603,0.9891454588260299
2024-01-22 20:07:15.000000,257,0.0482563436712,0.0,1,0.988958875208635,0.988958875208635,0.988958875208635
2024-01-22 20:07:15.000000,257,0.0482563436712,0.0,1,0.9887708837370016,0.9887708837370016,0.9887708837370017
2024-01-22 20:07:15.000000,456,0.0482563436712,0.0,1,0.9885814740589158,0.9885814740589158,0.9885814740589158
2024-01-22 20:07:15.000000,455,0.0482563436712,0.0,1,0.9883906357501918,0.9883906357501918,0.9883906357501918
2024-01-22 20:07:15.000000,450,0.0482563436712,0.0,1,0.9881983583142356,0.9881983583142356,0.9881983583142356
2024-01-22 20:07:15.000000,443,0.0482563436712,0.0,1,0.9880046311816082,0.9880046311816082,0.9880046311816082
2024-01-22 20:07:15.000000,257,0.0595880461005,0.0,1,0.9878094437095852,0.9878094437095852,0.9878094437095852
2024-01-22 20:07:15.000000,257,0.0595880461005,0.0,1,0.987612785181716,0.9876127851817159,0.987612785181716
2024-01-22 20:07:15.000000,451,0.07252528959410001,0.0,1,0.9874146448073812,0.9874146448073812,0.9874146448073811
2024-01-22 20:07:15.000000,257,0.07252528959410001,0.0,1,0.9872150117213481,0.987215011721348,0.9872150117213481
2024-01-22 20:07:15.000000,452,0.07252528959410001,0.0,1,0.9870138749833248,0.9870138749833248,0.9870138749833247
2024-01-22 20:07:15.000000,257,0.07252528959410001,0.0,1,0.9868112235775134,0.9868112235775134,0.9868112235775134
2024-01-22 20:07:15.000000,435,0.07252528959410001,0.0,1,0.9866070464121608,0.9866070464121608,0.9866070464121607
2024-01-22 20:07:15.000000,454,0.07252528959410001,0.0,1,0.9864013323191072,0.9864013323191071,0.986401332319107
2024-01-22 20:07:15.000000,458,0.07252528959410001,0.0,1,0.9861940700533364,0.9861940700533364,0.9861940700533365
2024-01-22 20:07:15.000000,353,0.07252528959410001,0.0,1,0.9859852482925208,0.9859852482925208,0.9859852482925209
2024-01-22 20:07:15.000000,353,0.07252528959410001,0.0,1,0.9857748556365667,0.9857748556365667,0.9857748556365667
2024-01-22 20:07:15.000000,447,0.07252528959410001,0.0,1,0.9855628806071572,0.9855628806071572,0.9855628806071572
2024-01-22 20:07:15.000000,257,0.07252528959410001,0.0,1,0.9853493116472968,0.9853493116472968,0.9853493116472969
2024-01-22 20:07:15.000000,448,0.07252528959410001,0.0,1,0.9851341371208504,0.9851341371208504,0.9851341371208504
2024-01-22 20:07:15.000000,257,0.07252528959410001,0.0,1,0.984917345312082,0.984917345312082,0.9849173453120821
2024-01-22 20:07:15.000000,449,0.07252528959410001,0.0,1,0.984698924425195,0.984698924425195,0.984698924425195
2024-01-22 20:07:15.000000,257,0.07252528959410001,0.0,1,0.9844788625838676,0.9844788625838676,0.9844788625838675
2024-01-22 20:07:15.000000,353,0.07252528959410001,0.0,1,0.9842571478307864,0.9842571478307864,0.9842571478307864
2024-01-22 20:07:15.000000,266,0.07252528959410001,0.0,1,0.9840337681271842,0.9840337681271842,0.9840337681271842
2024-01-22 20:07:15.000000,352,0.07252528959410001,0.0,1,0.9838087113523699,0.98380871135237,0.9838087113523699
2024-01-22 20:07:15.000000,446,0.07252528959410001,0.0,1,0.98358196530326,0.9835819653032599,0.98358196530326
2024-01-22 20:07:15.000000,257,0.07252528959410001,0.0,1,0.9833535176939108,0.9833535176939108,0.9833535176939108
2024-01-22 20:10:28.000000,192,0.07252528959410001,0.0,1,0.9831233561550442,0.9831233561550442,0.9831233561550442
2024-01-22 20:10:30.000000,287,0.07252528959410001,0.0,1,0.9828914682335786,0.9828914682335786,0.9828914682335786
2024-01-22 20:10:30.000000,193,0.07252528959410001,0.0,1,0.9826578413921534,0.9826578413921534,0.9826578413921534
2024-01-22 20:14:22.000000,192,0.07252528959410001,0.0,1,0.9824224630086548,0.9824224630086548,0.9824224630086548
2024-01-22 20:14:24.000000,193,0.07252528959410001,0.0,1,0.9821853203757399,0.98218532037574,0.9821853203757401
2024-01-22 20:14:25.000000,287,0.0637187127375,0.0500000007451,1,0.981946400700362,0.981946400700362,0.9819464007003619
2024-01-22 20:17:26.000000,474,0.0595880464016,0.0250000003725,1,0.9817056911032876,0.9817056911032876,0.9817056911032875
2024-01-22 20:17:26.000000,474,0.0562411145496,0.0,1,0.9814631786186224,0.9814631786186224,0.9814631786186223
2024-01-22 20:17:26.000000,476,0.0562411145496,0.0,1,0.9812188501933292,0.9812188501933291,0.981218850193329
2024-01-22 20:17:26.000000,552,0.0463042079314,0.0750000029802,1,0.9809726926867468,0.9809726926867468,0.9809726926867469
2024-01-22 20:17:26.000000,553,0.0376129343716,0.0750000029802,1,0.9807246928701082,0.9807246928701082,0.9807246928701082
2024-01-22 20:17:26.000000,474,0.0376129343716,0.0,1,0.980474837426057,0.980474837426057,0.980474837426057
2024-01-22 20:17:26.000000,474,0.0376129343716,0.0,1,0.9802231129481652,0.9802231129481651,0.980223112948165
2024-01-22 20:17:26.000000,476,0.0376129343716,0.0,1,0.979969505940445,0.979969505940445,0.979969505940445
2024-01-22 20:17:26.000000,552,0.0324793403833,0.0500000007451,1,0.979714002816868,0.9797140028168679,0.979714002816868
2024-01-22 20:17:26.000000,553,0.0376129343716,0.0,1,0.9794565899008753,0.9794565899008753,0.9794565899008753
2024-01-22 20:17:26.000000,554,0.0324793402016,0.0750000029802,1,0.97919725342489,0.9791972534248901,0.97919725342489
2024-01-22 20:17:43.000000,474,0.0324793402016,0.0,1,0.9789359795298316,0.9789359795298316,0.9789359795298316
2024-01-22 20:17:43.000000,476,0.0324793402016,0.0,1,0.9786727542646256,0.9786727542646256,0.9786727542646257
2024-01-22 20:17:43.000000,552,0.0324793402016,0.0750000029802,1,0.9784075635857152,0.9784075635857152,0.9784075635857152
2024-01-22 20:17:43.000000,553,0.0324793402016,0.0750000029802,1,0.9781403933565695,0.9781403933565695,0.9781403933565697
2024-01-22 20:17:43.000000,474,0.030103000597,0.0250000003725,1,0.9778712293471944,0.9778712293471944,0.9778712293471944
2024-01-22 20:17:43.000000,474,0.030103000597,0.0,1,0.9776000572336421,0.977600057233642,0.9776000572336419
2024-01-22 20:17:43.000000,476,0.030103000597,0.0,1,0.977326862597516,0.977326862597516,0.9773268625975159
2024-01-22 20:17:43.000000,552,0.0349817614356,0.0,1,0.9770516309254824,0.9770516309254824,0.9770516309254823
2024-01-22 20:17:43.000000,553,0.0349817614356,0.0,1,0.9767743476087759,0.976774347608776,0.9767743476087759
2024-01-22 20:17:43.000000,554,0.0349817614356,0.0750000029802,1,0.9764949979427056,0.9764949979427056,0.9764949979427057
2024-01-22 20:17:43.000000,474,0.0349817614356,0.0,1,0.9762135671261638,0.9762135671261638,0.9762135671261638
2024-01-22 20:18:05.000000,192,0.0324793402016,0.0250000003725,1,0.9759300402611292,0.9759300402611292,0.9759300402611293
2024-01-22 20:18:06.000000,193,0.0403754318439,0.0,1,0.9756444023521764,0.9756444023521764,0.9756444023521763
2024-01-22 20:18:07.000000,287,0.0432717299774,0.0500000007451,1,0.9753566383059784,0.9753566383059784,0.9753566383059784
2024-01-22 20:18:22.000000,474,0.0463042079314,0.0,1,0.9750667329308133,0.9750667329308133,0.9750667329308131
2024-01-22 20:18:22.000000,474,0.0432717299774,0.0250000003725,1,0.9747746709360706,0.9747746709360706,0.9747746709360706
2024-01-22 20:18:22.000000,476,0.0432717299774,0.0,1,0.9744804369317548,0.9744804369317548,0.9744804369317549
2024-01-22 20:18:22.000000,552,0.0403754320547,0.0250000003725,1,0.9741840154279914,0.9741840154279914,0.9741840154279914
2024-01-22 20:18:22.000000,474,0.0403754320547,0.0,1,0.9738853908345324,0.9738853908345324,0.9738853908345323
2024-01-22 20:18:22.000000,474,0.049475151355,0.0,1,0.9735845474602602,0.9735845474602602,0.9735845474602602
2024-01-22 20:18:22.000000,476,0.049475151355,0.0,1,0.9732814695126948,0.9732814695126948,0.9732814695126947
2024-01-22 20:18:22.000000,553,0.049475151355,0.0250000003725,1,0.9729761410974974,0.9729761410974974,0.9729761410974974
2024-01-22 20:18:22.000000,554,0.049475151355,0.0,1,0.9726685462179772,0.9726685462179772,0.9726685462179772
2024-01-22 20:18:22.000000,552,0.0301030001142,0.22499999404,1,0.9723586687745974,0.9723586687745974,0.9723586687745974
2024-01-22 20:18:22.000000,553,0.0562411131833,0.22499999404,1,0.9720464925644801,0.97204649256448,0.9720464925644801
2024-01-22 20:19:00.000000,552,0.0892400055857,0.22499999404,1,0.9717320012809144,0.9717320012809144,0.9717320012809143
2024-01-22 20:19:00.000000,553,0.138462428227,0.22499999404,1,0.9714151785128629,0.9714151785128629,0.9714151785128629
2024-01-22 20:19:00.000000,552,0.193618805032,0.22499999404,1,0.9710960077444694,0.9710960077444694,0.9710960077444694
2024-01-22 20:19:00.000000,476,0.193618805032,0.0,1,0.9707744723545658,0.970774472354566,0.9707744723545659
2024-01-22 20:19:00.000000,474,0.193618805032,0.0,1,0.9704505556161824,0.9704505556161824,0.9704505556161823
2024-01-22 20:19:00.000000,474,0.193618805032,0.0,1,0.9701242406960556,0.9701242406960556,0.9701242406960557
2024-01-22 20:19:00.000000,474,0.186121180411,0.0,1,0.9697955106541399,0.96979551065414,0.9697955106541399
2024-01-22 20:19:00.000000,474,0.186121180411,0.0,1,0.9694643484431162,0.9694643484431162,0.9694643484431162
2024-01-22 20:19:00.000000,476,0.126372553281,0.0,1,0.9691307369079052,0.9691307369079052,0.9691307369079053
2024-01-22 20:19:00.000000,554,0.08007229099669999,0.0,1,0.96879465878518,0.96879465878518,0.96879465878518
2024-01-22 20:19:00.000000,553,0.0463042069609,0.0,1,0.968456096702879,0.968456096702879,0.968456096702879
2024-01-22 20:19:31.000000,474,0.0376129357779,0.0,1,0.9681150331797196,0.9681150331797196,0.9681150331797196
2024-01-22 20:19:31.000000,553,0.059840252207699986,0.0500000007451,1,0.9677714506247164,0.9677714506247164,0.9677714506247164
2024-01-22 20:19:31.000000,476,0.0432717304191,0.125,1,0.9674253313366958,0.9674253313366958,0.9674253313366958
2024-01-22 20:19:31.000000,474,0.0432717304191,0.0,1,0.9670766575038166,0.9670766575038166,0.9670766575038166
2024-01-22 20:19:31.000000,474,0.0432717304191,0.0,1,0.9667254112030852,0.9667254112030852,0.9667254112030852
2024-01-22 20:19:31.000000,474,0.0432717304191,0.0,1,0.966371574399882,0.9663715743998821,0.966371574399882
2024-01-22 20:19:31.000000,476,0.0432717304191,0.0,1,0.9660151289474797,0.9660151289474797,0.9660151289474797
2024-01-22 20:19:31.000000,552,0.0432717304191,0.0,1,0.9656560565865694,0.9656560565865694,0.9656560565865694
2024-01-22 20:19:31.000000,553,0.0432717304191,0.0,1,0.9652943389447848,0.9652943389447848,0.9652943389447848
2024-01-22 20:19:31.000000,554,0.0432717305957,0.25,1,0.9649299575362305,0.9649299575362305,0.9649299575362305
2024-01-22 20:19:31.000000,552,0.0800722942956,0.25,1,0.9645628937610112,0.9645628937610112,0.9645628937610113
2024-01-22 20:19:54.000000,474,0.0715252084972,0.0,1,0.9641931289047622,0.9641931289047622,0.9641931289047622
2024-01-22 20:19:54.000000,474,0.0527867527927,0.0,1,0.9638206441381816,0.9638206441381816,0.9638206441381816
2024-01-22 20:19:54.000000,476,0.0527867527927,0.0,1,0.9634454205165672,0.9634454205165672,0.9634454205165671
2024-01-22 20:19:54.000000,552,0.0527867527927,0.0,1,0.9630674389793521,0.963067438979352,0.9630674389793521
2024-01-22 20:19:54.000000,552,0.0527867527927,0.0,1,0.9626866803496452,0.9626866803496452,0.9626866803496452
2024-01-22 20:19:54.000000,474,0.0527867527927,0.0,1,0.9623031253337712,0.9623031253337712,0.9623031253337713
2024-01-22 20:19:54.000000,476,0.0527867527927,0.0,1,0.9619167545208168,0.9619167545208168,0.9619167545208167
2024-01-22 20:19:54.000000,553,0.0527867527927,0.0,1,0.9615275483821759,0.961527548382176,0.9615275483821759
2024-01-22 20:19:54.000000,554,0.0349817623916,0.0,1,0.9611354872710981,0.961135487271098,0.9611354872710981
2024-01-22 20:19:54.000000,553,0.0674804916167,0.0,1,0.9607405514222424,0.9607405514222424,0.9607405514222424
2024-01-22 20:19:54.000000,474,0.0635860954213,0.0250000003725,1,0.9603427209512304,0.9603427209512304,0.9603427209512303
2024-01-22 20:20:31.000000,552,0.0562411145496,0.0500000007451,1,0.9599419758542044,0.9599419758542044,0.9599419758542044
2024-01-22 20:20:31.000000,474,0.052786752591000005,0.0250000003725,1,0.9595382960073876,0.9595382960073876,0.9595382960073875
2024-01-22 20:20:31.000000,474,0.052786752591000005,0.0,1,0.9591316611666464,0.9591316611666464,0.9591316611666465
2024-01-22 20:20:31.000000,474,0.052786752591000005,0.0,1,0.9587220509670606,0.9587220509670606,0.9587220509670606
2024-01-22 20:20:31.000000,554,0.052786752591000005,0.0,1,0.9583094449224884,0.9583094449224884,0.9583094449224885
2024-01-22 20:20:31.000000,553,0.052786752591000005,0.0,1,0.9578938224251438,0.9578938224251438,0.9578938224251438
2024-01-22 20:20:31.000000,476,0.052786752591000005,0.0,1,0.9574751627451707,0.9574751627451709,0.957475162745171
2024-01-22 20:20:31.000000,553,0.052786752591000005,0.0,1,0.9570534450302262,0.9570534450302262,0.9570534450302262
2024-01-22 20:20:31.000000,552,0.052786752591000005,0.0,1,0.9566286483050602,0.9566286483050602,0.9566286483050602
2024-01-22 20:20:31.000000,476,0.0562411145496,0.0,1,0.9562007514711088,0.9562007514711088,0.9562007514711087
2024-01-22 20:20:31.000000,474,0.0635860954213,0.0,1,0.9557697333060808,0.9557697333060808,0.9557697333060808
2024-01-22 20:20:52.000000,553,0.0562411142868,0.0750000029802,1,0.955335572463558,0.955335572463558,0.9553355724635579
2024-01-22 20:20:52.000000,552,0.0562411142868,0.0,1,0.9548982474725912,0.9548982474725912,0.9548982474725913
2024-01-22 20:20:52.000000,474,0.0562411142868,0.0,1,0.9544577367373086,0.9544577367373086,0.9544577367373086
2024-01-22 20:20:52.000000,553,0.0562411142868,0.0,1,0.9540140185365216,0.9540140185365216,0.9540140185365215
2024-01-22 20:20:52.000000,552,0.0562411142868,0.0,1,0.9535670710233376,0.9535670710233376,0.9535670710233375
2024-01-22 20:20:52.000000,476,0.049475151113599986,0.0500000007451,1,0.95311687222478,0.95311687222478,0.9531168722247801
2024-01-22 20:20:52.000000,554,0.049475151113599986,0.0,1,0.9526634000414104,0.9526634000414104,0.9526634000414104
2024-01-22 20:20:52.000000,476,0.049475151113599986,0.0,1,0.9522066322469532,0.9522066322469532,0.9522066322469533
2024-01-22 20:20:52.000000,474,0.049475151113599986,0.0,1,0.9517465464879326,0.9517465464879326,0.9517465464879326
2024-01-22 20:20:52.000000,474,0.049475151113599986,0.0,1,0.951283120283306,0.951283120283306,0.9512831202833059
2024-01-22 20:20:52.000000,474,0.059840252207699986,0.0,1,0.9508163310241096,0.9508163310241096,0.9508163310241096
2024-01-22 20:21:24.000000,476,0.059840252207699986,0.0,1,0.950346155973106,0.950346155973106,0.9503461559731059
2024-01-22 20:21:24.000000,474,0.059840252207699986,0.0,1,0.9498725722644362,0.9498725722644362,0.9498725722644362
2024-01-22 20:21:24.000000,474,0.059840252207699986,0.0,1,0.9493955569032828,0.9493955569032828,0.9493955569032829
2024-01-22 20:21:24.000000,474,0.059840252207699986,0.0,1,0.9489150867655318,0.9489150867655318,0.9489150867655318
2024-01-22 20:21:24.000000,552,0.0674804916167,0.0,1,0.9484311385974462,0.9484311385974462,0.9484311385974462
2024-01-22 20:21:24.000000,476,0.059840252207699986,0.0500000007451,1,0.9479436890153412,0.9479436890153412,0.9479436890153412
2024-01-22 20:21:24.000000,474,0.059840252207699986,0.0,1,0.9474527145052698,0.9474527145052698,0.9474527145052698
2024-01-22 20:21:24.000000,553,0.052786752591000005,0.0500000007451,1,0.9469581914227121,0.946958191422712,0.9469581914227121
2024-01-22 20:21:24.000000,553,0.052786752591000005,0.0,1,0.9464600959922719,0.946460095992272,0.9464600959922719
2024-01-22 20:21:24.000000,552,0.052786752591000005,0.0,1,0.9459584043073792,0.9459584043073792,0.9459584043073793
2024-01-22 20:21:24.000000,554,0.053486272368199986,0.0,1,0.945453092330001,0.945453092330001,0.945453092330001
2024-01-22 20:21:59.000000,554,0.0500613319259,0.0250000003725,1,0.9449441358903587,0.9449441358903587,0.9449441358903587
2024-01-22 20:21:59.000000,553,0.0500613319259,0.0,1,0.9444315106866512,0.9444315106866512,0.9444315106866513
2024-01-22 20:21:59.000000,552,0.0500613319259,0.0,1,0.9439151922847864,0.9439151922847864,0.9439151922847865
2024-01-22 20:21:59.000000,476,0.0467847882291,0.0250000003725,1,0.9433951561181226,0.9433951561181226,0.9433951561181226
2024-01-22 20:21:59.000000,474,0.053486272368199986,0.0,1,0.9428713774872108,0.9428713774872108,0.9428713774872108
2024-01-22 20:21:59.000000,474,0.053486272368199986,0.0,1,0.9423438315595526,0.9423438315595526,0.9423438315595526
2024-01-22 20:21:59.000000,553,0.0570618603405,0.0250000003725,1,0.9418124933693622,0.9418124933693622,0.9418124933693622
2024-01-22 20:21:59.000000,552,0.0570618603405,0.0,1,0.9412773378173342,0.9412773378173342,0.9412773378173342
2024-01-22 20:21:59.000000,476,0.053486272368199986,0.0250000003725,1,0.9407383396704256,0.9407383396704256,0.9407383396704255
2024-01-22 20:21:59.000000,474,0.053486272368199986,0.0,1,0.9401954735616396,0.9401954735616396,0.9401954735616395
2024-01-22 20:21:59.000000,474,0.0570618603405,0.0,1,0.9396487139898252,0.9396487139898252,0.9396487139898252
2024-01-22 20:22:01.000000,192,0.0436542911862,0.10000000149,1,0.9390980353194792,0.9390980353194792,0.9390980353194793
2024-01-22 20:22:04.000000,193,0.0436542911862,0.0,1,0.9385434117805608,0.9385434117805608,0.9385434117805608
2024-01-22 20:22:06.000000,287,0.0378215246864,0.0750000029802,1,0.9379848174683122,0.9379848174683122,0.9379848174683122
2024-01-22 20:22:16.000000,554,0.0325421559595,0.10000000149,1,0.9374222263430948,0.9374222263430948,0.9374222263430948
2024-01-22 20:22:16.000000,553,0.0351140381456,0.0250000003725,1,0.936855612230228,0.9368556122302281,0.936855612230228
2024-01-22 20:22:16.000000,552,0.0351140381456,0.0250000003725,1,0.9362849488198399,0.93628494881984,0.9362849488198399
2024-01-22 20:22:16.000000,476,0.0351140381456,0.0,1,0.9357102096667316,0.9357102096667316,0.9357102096667317
2024-01-22 20:22:16.000000,474,0.0325421559595,0.0,1,0.9351313681902459,0.935131368190246,0.9351313681902461
2024-01-22 20:22:16.000000,474,0.0325421559595,0.0,1,0.9345483976741495,0.9345483976741495,0.9345483976741495
2024-01-22 20:22:16.000000,553,0.0325421559595,0.0,1,0.9339612712665252,0.9339612712665251,0.933961271266525
2024-01-22 20:22:16.000000,552,0.0378215246864,0.0,1,0.9333699619796751,0.9333699619796751,0.9333699619796751
2024-01-22 20:22:16.000000,476,0.035114036808500004,0.0250000003725,1,0.9327744426900348,0.9327744426900348,0.9327744426900347
2024-01-22 20:22:16.000000,474,0.0436542911862,0.0,1,0.9321746861380964,0.9321746861380964,0.9321746861380963
2024-01-22 20:22:16.000000,474,0.0570618603405,0.0,1,0.9315706649283454,0.9315706649283454,0.9315706649283454
2024-01-22 20:22:48.000000,554,0.0570618603405,0.0250000003725,1,0.930962351529208,0.9309623515292079,0.930962351529208
2024-01-22 20:22:48.000000,553,0.0607902501198,0.0,1,0.9303497182730114,0.9303497182730114,0.9303497182730114
2024-01-22 20:22:48.000000,476,0.0570618603405,0.0250000003725,1,0.9297327373559529,0.9297327373559529,0.9297327373559527
2024-01-22 20:22:48.000000,552,0.0570618603405,0.0,1,0.929111380838084,0.9291113808380841,0.929111380838084
2024-01-22 20:22:48.000000,553,0.0570618603405,0.0,1,0.9284856206433062,0.9284856206433062,0.9284856206433062
2024-01-22 20:22:48.000000,552,0.0570618603405,0.0,1,0.9278554285593792,0.9278554285593792,0.9278554285593792
2024-01-22 20:22:48.000000,476,0.053486272368199986,0.0250000003725,1,0.9272207762379399,0.92722077623794,0.9272207762379399
2024-01-22 20:22:48.000000,474,0.0570618603405,0.0,1,0.9265816351945384,0.9265816351945384,0.9265816351945385
2024-01-22 20:22:48.000000,474,0.0570618603405,0.0,1,0.9259379768086828,0.9259379768086828,0.9259379768086828
2024-01-22 20:22:48.000000,474,0.0570618603405,0.0,1,0.925289772323902,0.925289772323902,0.9252897723239019
2024-01-22 20:22:48.000000,474,0.0607902501198,0.0,1,0.9246369928478164,0.9246369928478164,0.9246369928478165
2024-01-22 20:23:15.000000,554,0.0607902501198,0.0,1,0.9239796093522288,0.9239796093522289,0.923979609352229
2024-01-22 20:23:15.000000,553,0.064673502436,0.0,1,0.9233175926732252,0.9233175926732252,0.9233175926732251
2024-01-22 20:23:15.000000,474,0.064673502436,0.0,1,0.9226509135112893,0.9226509135112893,0.9226509135112893
2024-01-22 20:23:15.000000,474,0.064673502436,0.0,1,0.9219795424314362,0.9219795424314362,0.9219795424314362
2024-01-22 20:23:15.000000,474,0.064673502436,0.0,1,0.9213034498633568,0.9213034498633568,0.9213034498633569
2024-01-22 20:23:15.000000,474,0.0687135875521,0.0,1,0.9206226061015774,0.9206226061015774,0.9206226061015774
2024-01-22 20:23:15.000000,476,0.0687135875521,0.0,1,0.9199369813056368,0.9199369813056368,0.9199369813056368
2024-01-22 20:23:15.000000,552,0.0687135875521,0.0,1,0.9192465455002784,0.9192465455002784,0.9192465455002784
2024-01-22 20:23:15.000000,476,0.0687135875521,0.0,1,0.9185512685756548,0.9185512685756548,0.9185512685756548
2024-01-22 20:23:15.000000,552,0.0687135875521,0.0,1,0.9178511202875538,0.9178511202875538,0.9178511202875538
2024-01-22 20:23:15.000000,553,0.0687135875521,0.0,1,0.9171460702576372,0.9171460702576372,0.9171460702576372
2024-01-22 20:23:46.000000,474,0.0687135875521,0.0,1,0.9164360879736944,0.9164360879736944,0.9164360879736944
2024-01-22 20:23:46.000000,474,0.0687135875521,0.0,1,0.9157211427899192,0.9157211427899192,0.9157211427899191
2024-01-22 20:23:46.000000,476,0.0687135875521,0.0,1,0.9150012039271956,0.9150012039271956,0.9150012039271956
2024-01-22 20:23:46.000000,552,0.0687135875521,0.0,1,0.9142762404734082,0.9142762404734082,0.9142762404734082
2024-01-22 20:23:46.000000,554,0.0687135875521,0.0,1,0.9135462213837636,0.9135462213837636,0.9135462213837637
2024-01-22 20:23:46.000000,553,0.0687135875521,0.0,1,0.912811115481136,0.912811115481136,0.9128111154811361
2024-01-22 20:23:46.000000,553,0.0687135875521,0.0,1,0.9120708914564252,0.9120708914564252,0.9120708914564251
2024-01-22 20:23:46.000000,474,0.0607902501198,0.0500000007451,1,0.911325517868935,0.911325517868935,0.911325517868935
2024-01-22 20:23:46.000000,474,0.0607902501198,0.0,1,0.9105749631467734,0.9105749631467734,0.9105749631467734
2024-01-22 20:23:46.000000,476,0.0607902501198,0.0,1,0.909819195587266,0.909819195587266,0.909819195587266
2024-01-22 20:23:46.000000,552,0.0607902501198,0.0,1,0.9090581833573926,0.9090581833573926,0.9090581833573926
2024-01-22 20:24:14.000000,554,0.0607902501198,0.0,1,0.9082918944942421,0.908291894494242,0.9082918944942419
2024-01-22 20:24:14.000000,553,0.0607902501198,0.0,1,0.9075202969054841,0.907520296905484,0.9075202969054841
2024-01-22 20:24:14.000000,552,0.0607902501198,0.0,1,0.9067433583698687,0.9067433583698687,0.9067433583698689
2024-01-22 20:24:14.000000,476,0.0607902501198,0.0,1,0.9059610465377356,0.9059610465377356,0.9059610465377357
2024-01-22 20:24:14.000000,474,0.0607902501198,0.0,1,0.9051733289315516,0.9051733289315516,0.9051733289315517
2024-01-22 20:24:14.000000,474,0.0607902501198,0.0,1,0.9043801729464676,0.9043801729464676,0.9043801729464677
2024-01-22 20:24:14.000000,552,0.0687135875521,0.0,1,0.9035815458508928,0.9035815458508928,0.9035815458508929
2024-01-22 20:24:14.000000,476,0.064673502436,0.0250000003725,1,0.9027774147870944,0.9027774147870944,0.9027774147870943
2024-01-22 20:24:14.000000,474,0.064673502436,0.0,1,0.9019677467718172,0.9019677467718172,0.9019677467718173
2024-01-22 20:24:14.000000,474,0.064673502436,0.0,1,0.9011525086969268,0.9011525086969268,0.9011525086969269
2024-01-22 20:24:14.000000,553,0.064673502436,0.0,1,0.9003316673300715,0.9003316673300715,0.9003316673300715
2024-01-22 20:24:27.000000,209,0.0467847884677,0.125,1,0.8995051893153699,0.8995051893153699,0.8995051893153699
2024-01-22 20:24:32.000000,124,0.0406673890274,0.0500000007451,1,0.8986730411741201,0.8986730411741201,0.8986730411741201
2024-01-22 20:24:32.000000,211,0.032542155399599995,0.125,1,0.8978351893055326,0.8978351893055326,0.8978351893055326
2024-01-22 20:24:32.000000,220,0.032542155399599995,0.0,1,0.8969915999874858,0.8969915999874858,0.8969915999874858
2024-01-22 20:24:32.000000,125,0.0467847886587,0.125,1,0.8961422393773044,0.8961422393773044,0.8961422393773044
2024-01-22 20:24:32.000000,126,0.0772717045148,0.20000000298,1,0.8952870735125665,0.8952870735125665,0.8952870735125665
2024-01-22 20:24:35.000000,474,0.136257987173,0.300000011921,1,0.8944260683119257,0.8944260683119257,0.8944260683119257
2024-01-22 20:24:35.000000,476,0.136257987173,0.0,1,0.8935591895759694,0.8935591895759694,0.8935591895759694
2024-01-22 20:24:35.000000,552,0.16292563794099998,0.10000000149,1,0.8926864029880921,0.8926864029880921,0.8926864029880921
2024-01-22 20:24:35.000000,553,0.216565484852,0.17499999702,1,0.8918076741153993,0.8918076741153993,0.8918076741153993
2024-01-22 20:24:35.000000,474,0.17733799543900006,0.0,1,0.8909229684096355,0.8909229684096355,0.8909229684096355
2024-01-22 20:24:35.000000,476,0.162925636894,0.0,1,0.8900322512081378,0.8900322512081378,0.8900322512081378
2024-01-22 20:24:35.000000,552,0.130035169251,0.0,1,0.8891354877348165,0.8891354877348165,0.8891354877348165
2024-01-22 20:24:35.000000,553,0.136257986703,0.0250000003725,1,0.8882326431011586,0.8882326431011586,0.8882326431011586
2024-01-22 20:24:35.000000,554,0.106889356312,0.0,1,0.8873236823072654,0.8873236823072654,0.8873236823072654
2024-01-22 20:24:35.000000,474,0.06871358933209999,0.0,1,0.8864085702429082,0.8864085702429082,0.8864085702429082
2024-01-22 20:24:35.000000,474,0.030102999772,0.0,1,0.8854872716886196,0.8854872716886196,0.8854872716886196
2024-01-22 20:25:00.000000,476,0.030102999772,0.0,1,0.8845597513168036,0.8845597513168036,0.8845597513168036
2024-01-22 20:25:00.000000,552,0.0406673894619,0.0,1,0.8836259736928839,0.8836259736928839,0.8836259736928839
2024-01-22 20:25:00.000000,553,0.064673502436,0.0,1,0.8826859032764719,0.8826859032764719,0.8826859032764719
2024-01-22 20:25:00.000000,474,0.064673502436,0.0,1,0.8817395044225678,0.8817395044225678,0.8817395044225678
2024-01-22 20:25:00.000000,474,0.064673502436,0.0,1,0.8807867413827889,0.8807867413827889,0.8807867413827889
2024-01-22 20:25:01.000000,474,0.064673502436,0.0,1,0.8798275783066285,0.8798275783066285,0.8798275783066285
2024-01-22 20:25:01.000000,474,0.0687135875521,0.0,1,0.8788619792427412,0.8788619792427412,0.8788619792427412
2024-01-22 20:25:01.000000,476,0.0687135875521,0.0,1,0.8778899081402634,0.8778899081402634,0.8778899081402634
2024-01-22 20:25:01.000000,552,0.0687135875521,0.0,1,0.8769113288501592,0.8769113288501592,0.8769113288501592
2024-01-22 20:25:01.000000,554,0.0687135875521,0.0,1,0.8759262051265978,0.8759262051265978,0.8759262051265978
2024-01-22 20:25:01.000000,553,0.0687135875521,0.0,1,0.8749345006283632,0.8749345006283632,0.8749345006283632
2024-01-22 20:25:24.000000,552,0.0687135875521,0.0,1,0.8739361789202953,0.8739361789202953,0.8739361789202953
2024-01-22 20:25:24.000000,476,0.064673502436,0.0250000003725,1,0.8729312034747584,0.8729312034747584,0.8729312034747584
2024-01-22 20:25:24.000000,474,0.0655909540429,0.0,1,0.8719195376731468,0.8719195376731468,0.8719195376731468
2024-01-22 20:25:24.000000,474,0.0655909540429,0.0,1,0.8709011448074181,0.8709011448074181,0.8709011448074181
2024-01-22 20:25:24.000000,474,0.0655909540429,0.0,1,0.8698759880816634,0.8698759880816634,0.8698759880816634
2024-01-22 20:25:24.000000,476,0.0655909540429,0.0,1,0.8688440306137043,0.8688440306137043,0.8688440306137043
2024-01-22 20:25:24.000000,552,0.0655909540429,0.0,1,0.8678052354367275,0.8678052354367275,0.8678052354367275
2024-01-22 20:25:24.000000,553,0.0655909540429,0.0,1,0.8667595655009521,0.8667595655009521,0.8667595655009521
2024-01-22 20:25:24.000000,554,0.0655909540429,0.0,1,0.8657069836753285,0.8657069836753285,0.8657069836753285
2024-01-22 20:25:24.000000,553,0.0655909540429,0.0,1,0.8646474527492727,0.8646474527492727,0.8646474527492727
2024-01-22 20:25:24.000000,474,0.0615912417743,0.0250000003725,1,0.8635809354344345,0.8635809354344345,0.8635809354344345
2024-01-22 20:25:51.000000,474,0.0655909540429,0.0,1,0.8625073943665015,0.8625073943665015,0.8625073943665015
2024-01-22 20:25:51.000000,554,0.0577533893678,0.0500000007451,1,0.8614267921070348,0.8614267921070348,0.8614267921070348
2024-01-22 20:25:51.000000,553,0.0577533893678,0.0,1,0.8603390911453427,0.8603390911453427,0.8603390911453427
2024-01-22 20:25:51.000000,552,0.0577533893678,0.0,1,0.8592442539003896,0.8592442539003896,0.8592442539003896
2024-01-22 20:25:51.000000,476,0.0577533893678,0.0,1,0.8581422427227399,0.8581422427227399,0.8581422427227399
2024-01-22 20:25:51.000000,474,0.0577533893678,0.0,1,0.8570330198965365,0.8570330198965365,0.8570330198965365
2024-01-22 20:25:51.000000,474,0.0577533893678,0.0,1,0.8559165476415191,0.8559165476415191,0.8559165476415191
2024-01-22 20:25:51.000000,553,0.0577533893678,0.0,1,0.8547927881150771,0.8547927881150771,0.8547927881150771
2024-01-22 20:25:51.000000,476,0.0577533893678,0.0,1,0.8536617034143394,0.8536617034143394,0.8536617034143394
2024-01-22 20:25:51.000000,474,0.0615912417743,0.0,1,0.8525232555783017,0.8525232555783017,0.8525232555783017
2024-01-22 20:25:51.000000,552,0.0615912417743,0.0,1,0.8513774065899912,0.8513774065899912,0.8513774065899912
2024-01-22 20:26:14.000000,474,0.0697546022149,0.0,1,0.8502241183786704,0.8502241183786704,0.8502241183786704
2024-01-22 20:26:14.000000,474,0.0697546022149,0.0,1,0.8490633528220769,0.8490633528220769,0.8490633528220769
2024-01-22 20:26:14.000000,476,0.0697546022149,0.0,1,0.8478950717487042,0.8478950717487042,0.847895071748704
2024-01-22 20:26:14.000000,553,0.0697546022149,0.0,1,0.8467192369401169,0.8467192369401169,0.8467192369401169
2024-01-22 20:26:14.000000,476,0.0655909540429,0.0250000003725,1,0.8455358101333117,0.8455358101333117,0.8455358101333117
2024-01-22 20:26:14.000000,552,0.0655909540429,0.0,1,0.8443447530231101,0.8443447530231101,0.84434475302311
2024-01-22 20:26:14.000000,474,0.0655909540429,0.0,1,0.8431460272645968,0.8431460272645968,0.8431460272645968
2024-01-22 20:26:14.000000,474,0.0655909540429,0.0,1,0.8419395944755942,0.8419395944755942,0.841939594475594
2024-01-22 20:26:14.000000,552,0.0615912417743,0.0250000003725,1,0.8407254162391761,0.8407254162391761,0.8407254162391761
2024-01-22 20:26:14.000000,553,0.0577533893678,0.0250000003725,1,0.8395034541062293,0.8395034541062293,0.8395034541062293
2024-01-22 20:26:14.000000,554,0.0577533893678,0.0,1,0.8382736695980443,0.8382736695980443,0.8382736695980443
2024-01-22 20:26:25.000000,192,0.0471887464854,0.0750000029802,1,0.8370360242089551,0.8370360242089551,0.837036024208955
2024-01-22 20:26:27.000000,193,0.0471887464854,0.0,1,0.8357904794090186,0.8357904794090186,0.8357904794090186
2024-01-22 20:26:29.000000,287,0.0471887464854,0.0,1,0.834536996646734,0.834536996646734,0.834536996646734
2024-01-22 20:26:31.000000,552,0.0409123443141,0.0750000029802,1,0.8332755373518037,0.8332755373518037,0.8332755373518037
2024-01-22 20:26:31.000000,476,0.0409123443141,0.0,1,0.8320060629379366,0.8320060629379366,0.8320060629379366
2024-01-22 20:26:31.000000,476,0.0409123443141,0.0,1,0.8307285348056949,0.8307285348056949,0.8307285348056949
2024-01-22 20:26:31.000000,474,0.0409123443141,0.0,1,0.8294429143453801,0.8294429143453801,0.8294429143453801
2024-01-22 20:26:31.000000,474,0.043975570566,0.0,1,0.8281491629399643,0.8281491629399643,0.8281491629399643
2024-01-22 20:26:31.000000,552,0.047188746240300006,0.0,1,0.8268472419680634,0.8268472419680634,0.8268472419680634
2024-01-22 20:26:31.000000,553,0.047188746240300006,0.0,1,0.8255371128069512,0.8255371128069512,0.8255371128069512
2024-01-22 20:26:31.000000,554,0.0577533890878,0.0,1,0.8242187368356219,0.8242187368356219,0.8242187368356219
2024-01-22 20:26:31.000000,474,0.0577533890878,0.0,1,0.8228920754378889,0.8228920754378889,0.8228920754378889
2024-01-22 20:26:31.000000,553,0.0577533890878,0.0,1,0.8215570900055335,0.8215570900055335,0.8215570900055335
2024-01-22 20:26:31.000000,474,0.0655909540429,0.0250000003725,1,0.8202137419414933,0.8202137419414933,0.8202137419414933
2024-01-22 20:26:57.000000,476,0.0655909540429,0.0,1,0.8188619926630969,0.8188619926630969,0.8188619926630969
2024-01-22 20:26:57.000000,553,0.0655909540429,0.0,1,0.8175018036053412,0.8175018036053412,0.8175018036053412
2024-01-22 20:26:57.000000,552,0.0655909540429,0.0,1,0.8161331362242137,0.8161331362242137,0.8161331362242137
2024-01-22 20:26:57.000000,476,0.0655909540429,0.0,1,0.8147559520000588,0.8147559520000588,0.8147559520000588
2024-01-22 20:26:57.000000,474,0.0655909540429,0.0,1,0.8133702124409913,0.8133702124409913,0.8133702124409913
2024-01-22 20:26:57.000000,474,0.0655909540429,0.0,1,0.8119758790863477,0.8119758790863477,0.8119758790863477
2024-01-22 20:26:57.000000,553,0.0655909540429,0.0,1,0.8105729135101937,0.8105729135101937,0.8105729135101937
2024-01-22 20:26:57.000000,474,0.0655909540429,0.0,1,0.809161277324864,0.809161277324864,0.809161277324864
2024-01-22 20:26:57.000000,474,0.0655909540429,0.0,1,0.8077409321845574,0.8077409321845574,0.8077409321845574
2024-01-22 20:26:57.000000,552,0.0697546022149,0.0,1,0.806311839788973,0.806311839788973,0.806311839788973
2024-01-22 20:26:57.000000,554,0.0697546022149,0.0,1,0.8048739618869899,0.8048739618869899,0.80487396188699
2024-01-22 20:27:09.000000,552,0.0697546022149,0.0,1,0.8034272602803979,0.8034272602803979,0.8034272602803979
2024-01-22 20:27:09.000000,553,0.0697546022149,0.0,1,0.8019716968276677,0.8019716968276677,0.8019716968276677
2024-01-22 20:27:09.000000,552,0.0697546022149,0.0,1,0.8005072334477719,0.8005072334477719,0.8005072334477719
2024-01-22 20:27:09.000000,476,0.0697546022149,0.0,1,0.7990338321240483,0.7990338321240483,0.7990338321240483
2024-01-22 20:27:09.000000,474,0.0697546022149,0.0,1,0.7975514549081117,0.7975514549081117,0.7975514549081117
2024-01-22 20:27:09.000000,474,0.0697546022149,0.0,1,0.7960600639238087,0.7960600639238087,0.7960600639238087
2024-01-22 20:27:09.000000,553,0.0697546022149,0.0,1,0.7945596213712216,0.7945596213712216,0.7945596213712216
2024-01-22 20:27:09.000000,476,0.0697546022149,0.0,1,0.793050089530716,0.793050089530716,0.793050089530716
2024-01-22 20:27:09.000000,474,0.0697546022149,0.0,1,0.7915314307670357,0.7915314307670357,0.7915314307670357
2024-01-22 20:27:09.000000,554,0.0697546022149,0.0,1,0.7900036075334428,0.7900036075334428,0.7900036075334428
2024-01-22 20:27:09.000000,474,0.0697546022149,0.0,1,0.7884665823759056,0.7884665823759056,0.7884665823759056
2024-01-22 20:27:19.000000,476,0.0697546022149,0.0,1,0.7869203179373285,0.7869203179373285,0.7869203179373285
2024-01-22 20:27:19.000000,554,0.0697546022149,0.0,1,0.785364776961835,0.785364776961835,0.785364776961835
2024-01-22 20:27:19.000000,553,0.0697546022149,0.0,1,0.7837999222990875,0.7837999222990875,0.7837999222990875
2024-01-22 20:27:19.000000,552,0.0697546022149,0.0,1,0.7822257169086633,0.7822257169086633,0.7822257169086633
2024-01-22 20:27:19.000000,474,0.0655909540429,0.0250000003725,1,0.7806421238644676,0.7806421238644676,0.7806421238644676
2024-01-22 20:27:19.000000,474,0.0655909540429,0.0,1,0.7790491063591979,0.7790491063591979,0.7790491063591979
2024-01-22 20:27:19.000000,553,0.0615912417743,0.0250000003725,1,0.7774466277088526,0.7774466277088526,0.7774466277088526
2024-01-22 20:27:19.000000,476,0.0615912417743,0.0,1,0.7758346513572847,0.7758346513572847,0.7758346513572847
2024-01-22 20:27:19.000000,474,0.0615912417743,0.0,1,0.7742131408808016,0.7742131408808016,0.7742131408808016
2024-01-22 20:27:19.000000,552,0.0577533893678,0.0250000003725,1,0.7725820599928132,0.7725820599928132,0.7725820599928132
2024-01-22 20:27:19.000000,474,0.0577533893678,0.0,1,0.7709413725485189,0.7709413725485189,0.7709413725485189
2024-01-22 20:27:28.000000,552,0.0577533893678,0.0,1,0.7692910425496471,0.7692910425496471,0.7692910425496471
2024-01-22 20:27:28.000000,474,0.0577533893678,0.0,1,0.7676310341492358,0.7676310341492358,0.7676310341492358
2024-01-22 20:27:28.000000,476,0.0577533893678,0.0,1,0.7659613116564591,0.7659613116564591,0.7659613116564591
2024-01-22 20:27:28.000000,474,0.0577533893678,0.0250000003725,1,0.7642818395414986,0.7642818395414986,0.7642818395414986
2024-01-22 20:27:28.000000,552,0.0577533893678,0.0,1,0.7625925824404592,0.7625925824404592,0.7625925824404592
2024-01-22 20:27:28.000000,553,0.0615912417743,0.0,1,0.7608935051603304,0.7608935051603304,0.7608935051603304
2024-01-22 20:27:28.000000,554,0.0615912417743,0.0,1,0.7591845726839894,0.7591845726839894,0.7591845726839894
2024-01-22 20:27:28.000000,474,0.0615912417743,0.0,1,0.7574657501752527,0.7574657501752527,0.7574657501752527
2024-01-22 20:27:28.000000,474,0.0655909540429,0.0,1,0.7557370029839658,0.7557370029839658,0.7557370029839658
2024-01-22 20:27:28.000000,476,0.0655909540429,0.0,1,0.7539982966511413,0.7539982966511413,0.7539982966511413
2024-01-22 20:27:28.000000,553,0.0655909540429,0.0,1,0.7522495969141363,0.7522495969141363,0.7522495969141363
2024-01-22 20:27:42.000000,553,0.0655909540429,0.0,1,0.7504908697118764,0.7504908697118764,0.7504908697118764
2024-01-22 20:27:42.000000,553,0.0655909540429,0.0,1,0.7487220811901201,0.7487220811901201,0.7487220811901201
2024-01-22 20:27:42.000000,474,0.0697546022149,0.0,1,0.7469431977067651,0.7469431977067651,0.7469431977067651
2024-01-22 20:27:42.000000,474,0.0697546022149,0.0,1,0.7451541858371987,0.7451541858371987,0.7451541858371987
2024-01-22 20:27:42.000000,552,0.0697546022149,0.0,1,0.7433550123796882,0.7433550123796882,0.7433550123796882
2024-01-22 20:27:42.000000,554,0.0697546022149,0.0,1,0.7415456443608122,0.7415456443608122,0.7415456443608122
2024-01-22 20:27:42.000000,552,0.0697546022149,0.0,1,0.7397260490409346,0.7397260490409346,0.7397260490409346
2024-01-22 20:27:42.000000,476,0.0697546022149,0.0,1,0.737896193919718,0.737896193919718,0.737896193919718
2024-01-22 20:27:42.000000,476,0.0697546022149,0.0,1,0.7360560467416759,0.7360560467416759,0.7360560467416759
2024-01-22 20:27:42.000000,474,0.0697546022149,0.0,1,0.7342055755017678,0.7342055755017678,0.7342055755017678
2024-01-22 20:27:42.000000,474,0.0697546022149,0.0,1,0.7323447484510287,0.7323447484510287,0.7323447484510287
2024-01-22 20:27:56.000000,554,0.071567254267,0.0,1,0.7304735341022435,0.7304735341022435,0.7304735341022435
2024-01-22 20:27:56.000000,553,0.071567254267,0.0,1,0.7285919012356517,0.7285919012356517,0.7285919012356517
2024-01-22 20:27:56.000000,552,0.071567254267,0.0,1,0.7266998189046988,0.7266998189046988,0.7266998189046988
2024-01-22 20:27:56.000000,476,0.071567254267,0.0,1,0.7247972564418165,0.7247972564418165,0.7247972564418165
2024-01-22 20:27:56.000000,474,0.071567254267,0.0,1,0.7228841834642445,0.7228841834642445,0.7228841834642445
2024-01-22 20:27:56.000000,474,0.071567254267,0.0,1,0.7209605698798883,0.7209605698798883,0.7209605698798883
2024-01-22 20:27:56.000000,553,0.071567254267,0.0,1,0.7190263858932083,0.7190263858932083,0.7190263858932083
2024-01-22 20:27:56.000000,476,0.071567254267,0.0,1,0.7170816020111485,0.7170816020111485,0.7170816020111485
2024-01-22 20:27:56.000000,552,0.071567254267,0.0,1,0.7151261890490982,0.7151261890490982,0.7151261890490982
2024-01-22 20:27:56.000000,474,0.071567254267,0.0,1,0.713160118136884,0.713160118136884,0.713160118136884
2024-01-22 20:27:56.000000,474,0.071567254267,0.0,1,0.7111833607247995,0.7111833607247995,0.7111833607247995
2024-01-22 20:28:13.000000,476,0.071567254267,0.0,1,0.7091958885896648,0.7091958885896648,0.7091958885896648
2024-01-22 20:28:13.000000,554,0.071567254267,0.0,1,0.7071976738409159,0.7071976738409159,0.7071976738409159
2024-01-22 20:28:13.000000,553,0.071567254267,0.0,1,0.7051886889267284,0.7051886889267284,0.7051886889267284
2024-01-22 20:28:13.000000,552,0.071567254267,0.0,1,0.7031689066401697,0.7031689066401697,0.7031689066401697
2024-01-22 20:28:13.000000,474,0.071567254267,0.0,1,0.7011383001253789,0.7011383001253789,0.7011383001253789
2024-01-22 20:28:13.000000,476,0.071567254267,0.0,1,0.6990968428837788,0.6990968428837788,0.6990968428837788
2024-01-22 20:28:13.000000,553,0.071567254267,0.0,1,0.6970445087803111,0.6970445087803111,0.6970445087803111
2024-01-22 20:28:13.000000,552,0.071567254267,0.0,1,0.694981272049703,0.694981272049703,0.694981272049703
2024-01-22 20:28:13.000000,474,0.071567254267,0.0,1,0.6929071073027563,0.6929071073027563,0.6929071073027563
2024-01-22 20:28:13.000000,474,0.071567254267,0.0,1,0.6908219895326639,0.6908219895326639,0.690821989532664
2024-01-22 20:28:13.000000,474,0.071567254267,0.0,1,0.6887258941213497,0.6887258941213497,0.6887258941213497
2024-01-22 20:28:22.000000,554,0.071567254267,0.0,1,0.6866187968458316,0.6866187968458316,0.6866187968458316
2024-01-22 20:28:22.000000,553,0.071567254267,0.0,1,0.6845006738846082,0.6845006738846082,0.6845006738846082
2024-01-22 20:28:22.000000,552,0.071567254267,0.0,1,0.6823715018240646,0.6823715018240646,0.6823715018240646
2024-01-22 20:28:22.000000,476,0.071567254267,0.0,1,0.6802312576649023,0.6802312576649023,0.6802312576649023
2024-01-22 20:28:22.000000,474,0.071567254267,0.0,1,0.6780799188285846,0.6780799188285846,0.6780799188285846
2024-01-22 20:28:22.000000,552,0.071567254267,0.0,1,0.6759174631638047,0.6759174631638047,0.6759174631638047
2024-01-22 20:28:22.000000,553,0.071567254267,0.0,1,0.6737438689529673,0.6737438689529673,0.6737438689529673
2024-01-22 20:28:22.000000,476,0.071567254267,0.0,1,0.6715591149186894,0.6715591149186894,0.6715591149186894
2024-01-22 20:28:22.000000,474,0.071567254267,0.0,1,0.6693631802303147,0.6693631802303147,0.6693631802303147
2024-01-22 20:28:22.000000,474,0.071567254267,0.0,1,0.6671560445104456,0.6671560445104456,0.6671560445104456
2024-01-22 20:28:22.000000,474,0.071567254267,0.0,1,0.6649376878414827,0.6649376878414827,0.6649376878414827
2024-01-22 20:28:27.000000,553,0.071567254267,0.0,1,0.6627080907721805,0.6627080907721805,0.6627080907721805
2024-01-22 20:28:27.000000,476,0.071567254267,0.0,1,0.6604672343242146,0.6604672343242146,0.6604672343242146
2024-01-22 20:28:27.000000,474,0.071567254267,0.0,1,0.6582150999987543,0.6582150999987543,0.6582150999987543
2024-01-22 20:28:27.000000,474,0.071567254267,0.0,1,0.6559516697830478,0.6559516697830478,0.6559516697830478
2024-01-22 20:28:27.000000,474,0.071567254267,0.0,1,0.6536769261570126,0.6536769261570126,0.6536769261570126
2024-01-22 20:28:27.000000,474,0.071567254267,0.0,1,0.6513908520998327,0.6513908520998327,0.6513908520998327
2024-01-22 20:28:27.000000,552,0.071567254267,0.0,1,0.6490934310965583,0.6490934310965583,0.6490934310965583
2024-01-22 20:28:27.000000,552,0.071567254267,0.0,1,0.6467846471447138,0.6467846471447138,0.6467846471447138
2024-01-22 20:28:27.000000,553,0.071567254267,0.0,1,0.6444644847609016,0.6444644847609016,0.6444644847609016
2024-01-22 20:28:27.000000,554,0.071567254267,0.0,1,0.6421329289874117,0.6421329289874117,0.6421329289874117
2024-01-22 20:28:27.000000,476,0.071567254267,0.0,1,0.6397899653988286,0.6397899653988286,0.6397899653988286
2024-01-22 20:28:35.000000,554,0.071567254267,0.0,1,0.6374355801086357,0.6374355801086357,0.6374355801086357
2024-01-22 20:28:35.000000,553,0.071567254267,0.0,1,0.6350697597758183,0.6350697597758183,0.6350697597758183
2024-01-22 20:28:35.000000,552,0.071567254267,0.0,1,0.6326924916114589,0.6326924916114589,0.632692491611459
2024-01-22 20:28:35.000000,476,0.071567254267,0.0,1,0.6303037633853307,0.6303037633853307,0.6303037633853307
2024-01-22 20:28:35.000000,474,0.071567254267,0.0,1,0.627903563432477,0.627903563432477,0.627903563432477
2024-01-22 20:28:35.000000,474,0.071567254267,0.0,1,0.6254918806597891,0.6254918806597891,0.6254918806597891
2024-01-22 20:28:35.000000,553,0.071567254267,0.0,1,0.6230687045525669,0.6230687045525669,0.6230687045525669
2024-01-22 20:28:35.000000,552,0.0326851051012,0.27500000596,1,0.6206340251810712,0.6206340251810712,0.6206340251810712
2024-01-22 20:28:35.000000,476,0.055097333079000006,0.22499999404,1,0.6181878332070606,0.6181878332070606,0.6181878332070606
2024-01-22 20:28:35.000000,474,0.055097333079000006,0.0,1,0.6157301198903145,0.6157301198903145,0.6157301198903145
2024-01-22 20:28:35.000000,474,0.055097333079000006,0.0,1,0.6132608770951379,0.6132608770951379,0.6132608770951379
2024-01-22 20:28:42.000000,554,0.055097333079000006,0.0,1,0.6107800972968486,0.6107800972968486,0.6107800972968486
2024-01-22 20:28:42.000000,553,0.055097333079000006,0.0,1,0.6082877735882429,0.6082877735882429,0.608287773588243
2024-01-22 20:28:42.000000,552,0.055097333079000006,0.0,1,0.6057838996860443,0.6057838996860443,0.6057838996860443
2024-01-22 20:28:42.000000,476,0.055097333079000006,0.0,1,0.6032684699373214,0.6032684699373214,0.6032684699373214
2024-01-22 20:28:42.000000,474,0.055097333079000006,0.0,1,0.6007414793258863,0.6007414793258863,0.6007414793258863
2024-01-22 20:28:42.000000,474,0.055097333079000006,0.0,1,0.5982029234786669,0.5982029234786669,0.5982029234786669
2024-01-22 20:28:42.000000,553,0.0382981119008,0.0,1,0.5956527986720458,0.5956527986720458,0.5956527986720458
2024-01-22 20:28:42.000000,552,0.071567254267,0.0,1,0.5930911018381751,0.5930911018381751,0.5930911018381751
2024-01-22 20:28:42.000000,476,0.071567254267,0.0,1,0.5905178305712535,0.5905178305712535,0.5905178305712535
2024-01-22 20:28:42.000000,474,0.071567254267,0.0,1,0.5879329831337761,0.5879329831337761,0.5879329831337761
2024-01-22 20:28:42.000000,474,0.071567254267,0.0,1,0.5853365584627429,0.5853365584627429,0.585336558462743
2024-01-22 20:28:51.000000,552,0.071567254267,0.0,1,0.5827285561758345,0.5827285561758345,0.5827285561758345
2024-01-22 20:28:51.000000,554,0.071567254267,0.0,1,0.5801089765775479,0.5801089765775479,0.580108976577548
2024-01-22 20:28:51.000000,553,0.071567254267,0.0,1,0.5774778206652887,0.5774778206652887,0.5774778206652887
2024-01-22 20:28:51.000000,476,0.071567254267,0.0,1,0.5748350901354261,0.5748350901354261,0.5748350901354261
2024-01-22 20:28:51.000000,474,0.071567254267,0.0,1,0.5721807873892985,0.5721807873892985,0.5721807873892985
2024-01-22 20:28:51.000000,474,0.071567254267,0.0,1,0.5695149155391765,0.5695149155391765,0.5695149155391765
2024-01-22 20:28:51.000000,553,0.071567254267,0.0,1,0.5668374784141766,0.5668374784141766,0.5668374784141766
2024-01-22 20:28:51.000000,552,0.0326851051012,0.27500000596,1,0.5641484805661229,0.5641484805661229,0.564148480566123
2024-01-22 20:28:51.000000,476,0.055097333079000006,0.22499999404,1,0.5614479272753606,0.5614479272753606,0.5614479272753606
2024-01-22 20:28:51.000000,474,0.055097333079000006,0.0,1,0.5587358245565143,0.5587358245565143,0.5587358245565143
2024-01-22 20:28:51.000000,474,0.055097333079000006,0.0,1,0.5560121791641898,0.5560121791641898,0.5560121791641898
2024-01-22 20:28:56.000000,554,0.055097333079000006,0.0,1,0.5532769985986193,0.5532769985986193,0.5532769985986193
2024-01-22 20:28:56.000000,553,0.055097333079000006,0.0,1,0.5505302911112474,0.5505302911112474,0.5505302911112474
2024-01-22 20:28:56.000000,552,0.055097333079000006,0.0,1,0.5477720657102554,0.5477720657102554,0.5477720657102554
2024-01-22 20:28:56.000000,476,0.055097333079000006,0.0,1,0.5450023321660212,0.5450023321660212,0.5450023321660212
2024-01-22 20:28:56.000000,474,0.055097333079000006,0.0,1,0.5422211010165178,0.5422211010165178,0.5422211010165178
2024-01-22 20:28:56.000000,553,0.055097333079000006,0.0,1,0.5394283835726378,0.5394283835726378,0.5394283835726378
2024-01-22 20:28:56.000000,552,0.0382981119008,0.0,1,0.536624191923457,0.536624191923457,0.536624191923457
2024-01-22 20:28:56.000000,476,0.071567254267,0.0,1,0.5338085389414203,0.5338085389414203,0.5338085389414203
2024-01-22 20:28:56.000000,474,0.071567254267,0.0,1,0.5309814382874569,0.5309814382874569,0.5309814382874569
2024-01-22 20:28:56.000000,474,0.071567254267,0.0,1,0.5281429044160217,0.5281429044160217,0.5281429044160217
2024-01-22 20:28:56.000000,474,0.071567254267,0.0,1,0.5252929525800579,0.5252929525800579,0.5252929525800579
2024-01-22 20:28:58.000000,554,0.071567254267,0.0,1,0.5224315988358812,0.5224315988358812,0.5224315988358812
2024-01-22 20:28:58.000000,553,0.071567254267,0.0,1,0.519558860047983,0.519558860047983,0.519558860047983
2024-01-22 20:28:58.000000,552,0.071567254267,0.0,1,0.5166747538937501,0.5166747538937501,0.5166747538937501
2024-01-22 20:28:58.000000,476,0.071567254267,0.0,1,0.5137792988681014,0.5137792988681014,0.5137792988681014
2024-01-22 20:28:58.000000,552,0.071567254267,0.0,1,0.5108725142880348,0.5108725142880348,0.5108725142880348
2024-01-22 20:28:58.000000,474,0.071567254267,0.0,1,0.5079544202970878,0.5079544202970878,0.5079544202970878
2024-01-22 20:28:58.000000,474,0.071567254267,0.0,1,0.5050250378697051,0.5050250378697051,0.5050250378697051
2024-01-22 20:28:58.000000,474,0.071567254267,0.0,1,0.5020843888155148,0.5020843888155148,0.5020843888155148
2024-01-22 20:28:58.000000,474,0.071567254267,0.0,1,0.4991324957835096,0.4991324957835096,0.4991324957835096
2024-01-22 20:28:58.000000,553,0.071567254267,0.0,1,0.4961693822661301,0.4961693822661301,0.49616938226613005
2024-01-22 20:28:58.000000,476,0.071567254267,0.0,1,0.4931950726032519,0.4931950726032519,0.4931950726032519
2024-01-22 20:29:01.000000,474,0.071567254267,0.0,1,0.4902095919860669,0.4902095919860669,0.49020959198606684
2024-01-22 20:29:01.000000,474,0.0729597595599,0.0,1,0.4872129664608689,0.4872129664608689,0.48721296646086887
2024-01-22 20:29:01.000000,476,0.0729597595599,0.0,1,0.4842052229327288,0.4842052229327288,0.4842052229327288
2024-01-22 20:29:01.000000,552,0.0729597595599,0.0,1,0.4811863891690662,0.4811863891690662,0.4811863891690662
2024-01-22 20:29:01.000000,553,0.0729597595599,0.0,1,0.4781564938031108,0.4781564938031108,0.47815649380311076
2024-01-22 20:29:02.000000,553,0.0729597595599,0.0,1,0.4751155663372558,0.4751155663372558,0.4751155663372558
2024-01-22 20:29:02.000000,552,0.0729597595599,0.0,1,0.4720636371462963,0.4720636371462963,0.4720636371462963
2024-01-22 20:29:02.000000,474,0.0729597595599,0.0,1,0.4690007374805555,0.4690007374805555,0.4690007374805555
2024-01-22 20:29:02.000000,474,0.0729597595599,0.0,1,0.4659268994688938,0.4659268994688938,0.46592689946889376
2024-01-22 20:29:02.000000,554,0.0729597595599,0.0,1,0.4628421561216003,0.4628421561216003,0.4628421561216003
2024-01-22 20:29:02.000000,476,0.0729597595599,0.0,1,0.4597465413331653,0.4597465413331653,0.45974654133316534
2024-01-22 20:29:05.000000,554,0.0729597595599,0.0,1,0.456640089884929,0.456640089884929,0.456640089884929
2024-01-22 20:29:05.000000,553,0.0729597595599,0.0,1,0.4535228374476095,0.4535228374476095,0.4535228374476095
2024-01-22 20:29:05.000000,476,0.0729597595599,0.0,1,0.4503948205837035,0.4503948205837035,0.4503948205837035
2024-01-22 20:29:05.000000,474,0.0729597595599,0.0,1,0.4472560767497616,0.4472560767497616,0.44725607674976164
2024-01-22 20:29:05.000000,474,0.0729597595599,0.0,1,0.44410664429853386,0.44410664429853386,0.44410664429853386
2024-01-22 20:29:05.000000,553,0.0729597595599,0.0,1,0.4409465624809839,0.4409465624809839,0.44094656248098385
2024-01-22 20:29:05.000000,552,0.0729597595599,0.0,1,0.43777587144817337,0.43777587144817337,0.43777587144817337
2024-01-22 20:29:05.000000,476,0.0729597595599,0.0,1,0.43459461225301055,0.43459461225301055,0.43459461225301055
2024-01-22 20:29:05.000000,474,0.0729597595599,0.0,1,0.431402826851864,0.431402826851864,0.431402826851864
2024-01-22 20:29:05.000000,474,0.0729597595599,0.0,1,0.428200558106038,0.42820055810603797,0.428200558106038
2024-01-22 20:29:05.000000,552,0.0729597595599,0.0,1,0.4249878497831115,0.4249878497831115,0.4249878497831115
2024-01-22 20:29:05.000001,476,0.0729597595599,0.0,1,0.4217647465581333,0.4217647465581333,0.42176474655813334
2024-01-22 20:29:06.000000,552,0.0729597595599,0.0,1,0.41853129401467865,0.41853129401467865,0.41853129401467865
2024-01-22 20:29:06.000000,553,0.0729597595599,0.0,1,0.4152875386457587,0.4152875386457587,0.41528753864575874
2024-01-22 20:29:06.000000,474,0.0729597595599,0.0,1,0.4120335278545885,0.4120335278545885,0.41203352785458847
2024-01-22 20:29:06.000000,474,0.0729597595599,0.0,1,0.4087693099552053,0.4087693099552053,0.4087693099552053
2024-01-22 20:29:06.000000,476,0.0729597595599,0.0,1,0.4054949341729408,0.4054949341729408,0.4054949341729408
2024-01-22 20:29:06.000000,554,0.0729597595599,0.0,1,0.40221045064474303,0.40221045064474303,0.40221045064474303
2024-01-22 20:29:06.000000,553,0.0729597595599,0.0,1,0.39891591041934776,0.39891591041934776,0.39891591041934776
2024-01-22 20:29:06.000000,554,0.0729597595599,0.0,1,0.3956113654572969,0.3956113654572969,0.39561136545729686
2024-01-22 20:29:06.000000,554,0.0729597595599,0.0,1,0.3922968686308051,0.3922968686308051,0.3922968686308051
2024-01-22 20:29:06.000000,554,0.0729597595599,0.0,1,0.3889724737234695,0.3889724737234695,0.3889724737234695
2024-01-22 20:29:06.000000,554,0.0729597595599,0.0,1,0.38563823542982506,0.38563823542982506,0.38563823542982506
2024-01-22 20:29:06.000000,554,0.0729597595599,0.0,1,0.3822942093547407,0.3822942093547407,0.3822942093547407
2024-01-22 20:29:06.000000,552,0.0729597595599,0.0,1,0.37894045201265997,0.37894045201266,0.37894045201265997
2024-01-22 20:29:06.000000,474,0.0729597595599,0.0,1,0.3755770208266782,0.3755770208266782,0.3755770208266782
2024-01-22 20:29:06.000000,554,0.0729597595599,0.0,1,0.3722039741274635,0.3722039741274635,0.3722039741274635
2024-01-22 20:29:06.000000,553,0.0729597595599,0.0,1,0.3688213711520114,0.3688213711520114,0.3688213711520114
2024-01-22 20:29:06.000000,474,0.0729597595599,0.0,1,0.3654292720422401,0.3654292720422401,0.3654292720422401
2024-01-22 20:29:06.000000,474,0.0729597595599,0.0,1,0.3620277378434204,0.3620277378434204,0.36202773784342035
2024-01-22 20:29:06.000000,553,0.0729597595599,0.0,1,0.3586168305024422,0.3586168305024422,0.3586168305024422
2024-01-22 20:29:06.000000,552,0.0729597595599,0.0,1,0.3551966128659134,0.3551966128659134,0.3551966128659134
2024-01-22 20:29:06.000000,476,0.0729597595599,0.0,1,0.35176714867809444,0.35176714867809444,0.35176714867809444
2024-01-22 20:29:06.000000,474,0.0729597595599,0.0,1,0.3483285025786653,0.3483285025786653,0.34832850257866527
2024-01-22 20:29:06.000000,474,0.0729597595599,0.0,1,0.3448807401003231,0.3448807401003231,0.3448807401003231
2024-01-22 20:29:06.000000,476,0.0729597595599,0.0,1,0.3414239276662129,0.3414239276662129,0.34142392766621293
2024-01-22 20:29:06.000000,552,0.0729597595599,0.0,1,0.3379581325871889,0.33795813258718893,0.337958132587189
2024-01-22 20:29:06.000000,553,0.0729597595599,0.0,1,0.3344834230589048,0.3344834230589048,0.3344834230589048
2024-01-22 20:29:06.000000,474,0.0729597595599,0.0,1,0.33099986815873417,0.33099986815873417,0.33099986815873417
2024-01-22 20:29:06.000000,474,0.0729597595599,0.0,1,0.3275075378425202,0.3275075378425202,0.3275075378425202
2024-01-22 20:29:06.000000,476,0.0729597595599,0.0,1,0.3240065029411549,0.3240065029411549,0.3240065029411549
2024-01-22 20:29:06.000000,552,0.0729597595599,0.0,1,0.32049683515698457,0.32049683515698457,0.32049683515698457
2024-01-22 20:29:06.000000,553,0.0729597595599,0.0,1,0.3169786070600442,0.3169786070600442,0.3169786070600442
2024-01-22 20:29:06.000000,474,0.0729597595599,0.0,1,0.31345189208412044,0.31345189208412044,0.31345189208412044
2024-01-22 20:29:06.000000,474,0.0729597595599,0.0,1,0.30991676452263905,0.30991676452263905,0.30991676452263905
2024-01-22 20:29:06.000000,552,0.0640517602994,0.0500000007451,1,0.30637329952438336,0.30637329952438336,0.30637329952438336
2024-01-22 20:29:06.000000,476,0.0640517602994,0.0,1,0.30282157308903696,0.30282157308903696,0.30282157308903696
2024-01-22 20:29:06.000000,474,0.0640517602994,0.0,1,0.2992616620625543,0.2992616620625543,0.2992616620625543
2024-01-22 20:29:06.000000,554,0.0640517602994,0.0,1,0.2956936441323572,0.2956936441323572,0.29569364413235716
2024-01-22 20:29:07.000000,553,0.0640517602994,0.0,1,0.29211759782236146,0.29211759782236146,0.29211759782236146
2024-01-22 20:29:07.000000,474,0.0640517602994,0.0,1,0.2885336024878256,0.2885336024878256,0.28853360248782556
2024-01-22 20:29:07.000000,553,0.0640517602994,0.0,1,0.2849417383100312,0.2849417383100312,0.2849417383100312
2024-01-22 20:29:07.000000,552,0.0640517602994,0.0,1,0.2813420862907893,0.2813420862907893,0.2813420862907893
2024-01-22 20:29:07.000000,476,0.0640517602994,0.0,1,0.2777347282467729,0.2777347282467729,0.2777347282467729
2024-01-22 20:29:07.000000,476,0.0640517602994,0.0,1,0.27411974680367884,0.27411974680367884,0.27411974680367884
2024-01-22 20:29:07.000000,552,0.0729597595599,0.0,1,0.27049722539021914,0.27049722539021914,0.27049722539021914
2024-01-22 20:29:07.000000,474,0.0729597595599,0.0,1,0.2668672482319396,0.2668672482319396,0.2668672482319396
2024-01-22 20:29:07.000000,474,0.0729597595599,0.0,1,0.2632299003448667,0.2632299003448667,0.2632299003448667
2024-01-22 20:29:07.000000,474,0.0729597595599,0.0,1,0.2595852675289867,0.2595852675289867,0.2595852675289867
2024-01-22 20:29:07.000000,554,0.0729597595599,0.0,1,0.255933436361556,0.255933436361556,0.25593343636155597
2024-01-22 20:29:07.000000,554,0.0729597595599,0.0,1,0.2522744941902376,0.2522744941902376,0.25227449419023756
2024-01-22 20:29:07.000000,554,0.0729597595599,0.0,1,0.2486085291260753,0.2486085291260753,0.24860852912607528
2024-01-22 20:29:07.000000,554,0.0729597595599,0.0,1,0.2449356300362979,0.2449356300362979,0.24493563003629787
2024-01-22 20:29:07.000000,554,0.0729597595599,0.0,1,0.24125588653695584,0.24125588653695584,0.24125588653695584
2024-01-22 20:29:07.000000,554,0.0729597595599,0.0,1,0.2375693889853953,0.23756938898539526,0.23756938898539523
2024-01-22 20:29:07.000000,554,0.0729597595599,0.0,1,0.2338762284725649,0.2338762284725649,0.2338762284725649
2024-01-22 20:29:07.000000,553,0.0729597595599,0.0,1,0.2301764968151611,0.2301764968151611,0.2301764968151611
2024-01-22 20:29:07.000000,476,0.0729597595599,0.0,1,0.2264702865476093,0.2264702865476093,0.2264702865476093
2024-01-22 20:29:07.000000,474,0.0729597595599,0.0,1,0.22275769091388514,0.22275769091388514,0.22275769091388514
2024-01-22 20:29:07.000000,474,0.0729597595599,0.0,1,0.2190388038591757,0.2190388038591757,0.2190388038591757
2024-01-22 20:29:07.000000,553,0.0729597595599,0.0,1,0.21531372002137994,0.21531372002137994,0.21531372002137994
2024-01-22 20:29:07.000000,552,0.0729597595599,0.0,1,0.2115825347224543,0.2115825347224543,0.2115825347224543
2024-01-22 20:29:07.000000,476,0.0729597595599,0.0,1,0.20784534395960166,0.20784534395960166,0.20784534395960172
2024-01-22 20:29:07.000000,552,0.0729597595599,0.0,1,0.20410224439630384,0.20410224439630384,0.20410224439630384
2024-01-22 20:29:07.000000,474,0.0729597595599,0.0,1,0.2003533333532036,0.2003533333532036,0.2003533333532036
2024-01-22 20:29:07.000000,474,0.0729597595599,0.0,1,0.1965987087988333,0.1965987087988333,0.1965987087988333
2024-01-22 20:29:07.000000,553,0.0729597595599,0.0,1,0.1928384693401948,0.1928384693401948,0.19283846934019477
2024-01-22 20:29:07.000000,476,0.0729597595599,0.0,1,0.18907271421319052,0.18907271421319055,0.18907271421319058
2024-01-22 20:29:07.000000,474,0.0729597595599,0.0,1,0.1853015432729087,0.1853015432729087,0.1853015432729087
2024-01-22 20:29:07.000000,474,0.0729597595599,0.0,1,0.18152505698376328,0.18152505698376328,0.18152505698376328
2024-01-22 20:29:07.000000,554,0.0729597595599,0.0,1,0.17774335640949152,0.17774335640949152,0.17774335640949152
2024-01-22 20:29:07.000000,554,0.0729597595599,0.0,1,0.17395654320301027,0.17395654320301027,0.17395654320301027
2024-01-22 20:29:07.000000,552,0.0729597595599,0.0,1,0.17016471959613466,0.17016471959613466,0.17016471959613463
2024-01-22 20:29:07.000000,476,0.0729597595599,0.0,1,0.1663679883891584,0.1663679883891584,0.1663679883891584
2024-01-22 20:29:07.000000,552,0.0729597595599,0.0,1,0.16256645294029945,0.16256645294029945,0.16256645294029945
2024-01-22 20:29:07.000000,474,0.0729597595599,0.0,1,0.15876021715501468,0.15876021715501468,0.15876021715501468
2024-01-22 20:29:07.000000,553,0.0729597595599,0.0,1,0.15494938547518272,0.15494938547518272,0.15494938547518272
2024-01-22 20:29:07.000000,140,0.0520632297242,0.47499999404,1,0.1511340628681574,0.1511340628681574,0.1511340628681574
2024-01-22 20:29:07.000000,552,0.135866298825,0.40000000596,1,0.14731435481569838,0.14731435481569838,0.14731435481569838
2024-01-22 20:29:07.000000,476,0.135866298825,0.0,1,0.14349036730277584,0.14349036730277584,0.14349036730277584
2024-01-22 20:29:07.000000,474,0.139595149013,0.0,1,0.13966220680625524,0.13966220680625524,0.13966220680625524
2024-01-22 20:29:07.000000,474,0.139595149013,0.0,1,0.13582998028346144,0.13582998028346144,0.13582998028346144
2024-01-22 20:29:07.000000,555,0.139595149013,0.0,1,0.13199379516062926,0.13199379516062926,0.13199379516062926
2024-01-22 20:29:07.000000,474,0.139595149013,0.0,1,0.12815375932123882,0.12815375932123882,0.12815375932123882
2024-01-22 20:29:07.000000,553,0.139595149013,0.0,1,0.12430998109423948,0.12430998109423948,0.12430998109423948
2024-01-22 20:29:07.000000,553,0.139595149013,0.0,1,0.12046256924216545,0.12046256924216545,0.12046256924216546
2024-01-22 20:29:07.000000,474,0.139595149013,0.0,1,0.11661163294914735,0.11661163294914735,0.11661163294914735
2024-01-22 20:29:07.000000,552,0.041961469185300006,0.0,1,0.11275728180881782,0.11275728180881782,0.11275728180881782
2024-01-22 20:29:07.000000,474,0.0742783577561,0.0,1,0.10889962581211887,0.10889962581211887,0.10889962581211887
2024-01-22 20:29:07.000000,474,0.0742783577561,0.0,1,0.1050387753350109,0.1050387753350109,0.1050387753350109
2024-01-22 20:29:07.000000,474,0.0742783577561,0.0,1,0.1011748411260872,0.1011748411260872,0.10117484112608721
2024-01-22 20:29:07.000000,553,0.0742783577561,0.0,1,0.0973079342940972,0.0973079342940972,0.0973079342940972
2024-01-22 20:29:07.000000,552,0.0742783577561,0.0,1,0.09343816629537907,0.09343816629537907,0.09343816629537909
2024-01-22 20:29:07.000000,476,0.0742783577561,0.0,1,0.08956564892120945,0.08956564892120945,0.08956564892120945
2024-01-22 20:29:07.000000,476,0.0742783577561,0.0,1,0.08569049428506707,0.08569049428506707,0.08569049428506707
2024-01-22 20:29:07.000000,474,0.0742783577561,0.0,1,0.08181281480981861,0.08181281480981861,0.08181281480981861
2024-01-22 20:29:07.000000,554,0.0742783577561,0.0,1,0.07793272321482682,0.07793272321482682,0.07793272321482683
2024-01-22 20:29:07.000000,553,0.0742783577561,0.0,1,0.07405033250298583,0.07405033250298583,0.07405033250298582
2024-01-22 20:29:07.000000,552,0.0742783577561,0.0,1,0.07016575594768466,0.07016575594768466,0.07016575594768466
2024-01-22 20:29:07.000000,476,0.0742783577561,0.0,1,0.06627910707970365,0.06627910707970365,0.06627910707970365
2024-01-22 20:29:07.000000,474,0.0742783577561,0.0,1,0.06239049967404828,0.06239049967404828,0.06239049967404828
2024-01-22 20:29:11.000000,144,0.0489264028588,0.449999988079,1,0.05850004773671912,0.05850004773671912,0.05850004773671912
2024-01-22 20:29:11.000000,143,0.0951098855014,0.25,1,0.054607865491426696,0.054607865491426696,0.054607865491426696
2024-01-22 20:29:11.000000,341,0.106758968007,0.0500000007451,1,0.05071406736625028,0.05071406736625028,0.05071406736625028
2024-01-22 20:29:17.000000,144,0.125816034893,0.0750000029802,1,0.04681876798024615,0.04681876798024615,0.046818767980246145
2024-01-22 20:29:17.000000,199,0.125816034893,0.0,1,0.0429220821300071,0.0429220821300071,0.0429220821300071
2024-01-22 20:29:17.000000,143,0.154247146691,0.10000000149,1,0.03902412477617891,0.03902412477617891,0.03902412477617891
2024-01-22 20:29:17.000000,341,0.303928459934,0.40000000596,1,0.03512501102993434,0.03512501102993434,0.03512501102993434
2024-01-22 20:29:17.000000,342,0.315245167026,0.0250000003725,1,0.031224856139409826,0.031224856139409826,0.031224856139409826
2024-01-22 20:29:17.000000,342,0.315245167026,0.0,1,0.02732377547610738,0.02732377547610738,0.02732377547610738
2024-01-22 20:29:26.000000,342,0.315245167026,0.0,1,0.023421884521265958,0.023421884521265958,0.02342188452126596
2024-01-22 20:29:26.000000,342,0.154247152314,0.0250000003725,1,0.0195192988522048,0.0195192988522048,0.0195192988522048
2024-01-22 20:29:26.000000,144,0.132597163842,0.17499999702,1,0.015616134128642403,0.015616134128642403,0.015616134128642404
2024-01-22 20:29:26.000000,341,0.203537679627,0.27500000596,1,0.011712506078995757,0.011712506078995757,0.011712506078995757
2024-01-22 20:29:26.000000,143,0.203537679627,0.0750000029802,1,0.007808530486660824,0.007808530486660824,0.007808530486660824
2025-01-01 12:12:12.000000,0,1.0,1.0,1,0.0039043231762800213,0.0039043231762800213,0.0039043231762800213
